3.937468600034714
4.040535599946976
4.043510299921036
4.046188600063324
4.05884200000763
4.0616066999435425
4.063420399904251
4.065383699893951
4.068707499980927
4.072672999858856
4.074558599948883
4.076752300024032
4.111108900070191
4.129774999856949
4.239243399858474
4.449446300029755
4.581304199934006
4.6392767000198365
4.640998300075531
4.693528699874878
4.695374199867248
4.742711199998856
4.762099400043487
4.873119099855423
4.887334199905395
5.167294899940491
5.171209899902344
5.173806499958038
5.233597399950027
5.271448699951172
5.276894399881363
5.281470200061798
5.289647399902344
5.2943731000423435
5.300350300073624
5.30902079987526
5.310659300088883
5.3142651998996735
5.316101899862289
5.318041300058365
5.324109999895096
5.329332999944687
5.333776400089264
5.336275599956513
5.338697499990463
5.452895999908447
5.4768782999515535
5.48598189997673
5.601992500066757
5.646819799900055
5.689122400045395
5.700732500076294
5.717878200054169
5.724239300012589
5.7465643999576566
5.8059400000572206
5.8942530000209805
5.902021399974823
5.903385400056839
5.91491939997673
5.939187700033188
5.967596099853516
6.004183500051498
6.0482591998577115
6.050014100074768
6.067973999977112
6.270727799892425
6.414661999940872
6.458694000005722
6.460019000053406
6.704177299976349
6.773640199899673
6.775055899858475
6.776294600009918
6.777876999855041
6.779902699947357
6.781530600070953
6.783381000041961
6.7852304000854495
6.7869491999149325
6.788561800003052
6.796399100065232
6.797990400075912
6.818818300008774
6.820012399911881
6.950202100038529
6.971715199947357
6.973251199960709
6.974790199995041
6.989171099901199
7.01538489985466
7.133729099988938
7.1352204999923705
7.136573899984359
7.138245599985122
7.139613300085068
7.141400199890136
7.271176599979401
7.280693899869918
7.288978999853134
7.311474299907684
7.374603999853134
7.37586980009079
7.749594199895859
7.778295300006866
8.319047499895095
8.343074800014495
8.635382699966431
8.657555899858474
8.659623600006103
8.875912600040436
8.87913220000267
9.268590699911117
9.270645499944687
9.27331870007515
9.276176500082016
9.277999799966812
9.281710500001907
9.284184400081635
9.287863800048829
9.292703899860381
9.309698800086975
9.312335000038146
9.341122499942779
9.342616499900817
9.344280699968339
9.353767699956894
9.355652299880981
9.357072000026703
9.475607199907303
9.492843299865722
9.505353699922562
9.55652009987831
9.576454799890518
9.58601040005684
9.652430899858475
9.736279900074004
9.737767199993133
9.73894889998436
9.743453999996186
9.756895200014114
9.758284100055695
9.772720799922944
9.786289999961854
9.787415400028229
9.78869519996643
9.790433000087738
9.844595900058746
9.93436529994011
10.157707000017167
10.292786099910735
10.301115099906921
10.315803600072861
10.319175499916076
10.321475600004197
10.323769099950791
10.411471499919891
10.466951900005341
14.636156300067901
14.637739799976348
14.63892610001564
14.701126199960708
16.0236359000206
16.02587680006027
16.028253499984743
16.03625819993019
16.041967200040816
16.044215899944305
16.04632389998436
16.052397199869155
16.054715600013733
16.058259000062943
22.69064429998398
22.692000799894334
22.693409699916838
22.694946699857713
22.716157799959184
22.86911039996147
22.87095609998703
22.880809400081635
22.885670599937438
23.159157399892806
23.160730299949645
23.281811599969863
23.28468949985504
23.293937700033187
23.297230099916458
23.298829499959947
23.301850800037386
23.303720700025558
23.30908229994774
23.321330699920654
23.390809299945833
23.392868000030518
23.39448760008812
23.40550449991226
23.46480480003357
23.466739300012588
23.48155110001564
23.484077699899675
23.616489700078965
23.66950699996948
23.68509899997711
23.70671350002289
23.70862059998512
23.711680000066757
23.716048500061035
23.71735489988327
23.719145499944688
23.720420000076295
23.722091599941255
23.753306799888612
23.892191600084306
23.897822299957276
23.902453500032426
23.92879169988632
23.930645799875258
23.932817800045015
24.380001299858094
24.382054399967192
24.38389759993553
24.385160399913786
24.390217099905016
24.392532099962235
24.40042070007324
24.402771800041197
24.424582200050352
24.426176500082015
24.427297999858855
24.428572099924086
24.43019939994812
24.46990050005913
24.49125869989395
24.502593600034714
24.533605999946595
24.54441790008545
24.594729500055312
24.597094899892806
24.624592700004577
24.626784899950028
24.628029500007628
24.635941299915313
24.65416350007057
24.7174319999218
24.727583400011063
24.745278599977492
24.748464200019836
24.810779399871826
24.859749099969864
24.891197900056838
24.89346950006485
24.894920199871063
24.896415600061417
25.007062900066376
25.01704439997673
25.092113699913025
25.109435899972915
25.111813600063325
25.11577379989624
25.118790999889374
25.133161700010298
25.142605200052262
25.14565059995651
25.14814229989052
25.232297499895097
25.23747469997406
25.63481029987335
25.643812799930572
25.656813799858092
25.660284800052644
25.739087599992754
25.846459800004958
25.96198860001564
25.969661799907684
25.99178229999542
26.08442510008812
26.377804399967193
26.5778125
26.584726599931717
26.61338100004196
26.620023099899292
26.71513739991188
26.80886529994011
26.938891999959946
27.29299919986725
27.326928499937058
27.329683700084686
27.548842000007628
27.98495289993286
27.998591399908065
28.000439800024033
29.31533480000496
29.52593669986725
29.54111330008507
29.871002599954604
32.40401819992066
32.94662129998207
32.95115989995003
32.957015399932864
33.95631739997864
1.6545561997890472
1.6566164000034331
1.6579656999111176
1.6592792999744415
1.6604800000190736
1.6617795000076294
1.6961868000030518
1.7117558999061584
1.7130076999664308
1.7141197998523712
1.7151743998527527
1.7473464999198913
1.755075199842453
1.7566171000003814
1.757558799982071
1.7596339998245238
1.9021924998760222
1.9035525999069214
1.9048665997982026
1.9060756998062134
1.9081794998645782
2.0587147998809816
2.0629545998573304
2.2220877997875212
2.2253230998516083
2.226539999961853
2.2281107997894285
2.229349900007248
2.23040349984169
2.236289999961853
2.2376185998916625
2.239320499897003
2.377614699840546
2.379042999982834
2.5134229998588564
2.5393787999153137
2.5407607998847963
2.542045799970627
2.5435553998947142
2.5447470998764037
2.5459496998786926
2.547180099964142
2.581642299890518
2.583191599845886
2.5844138000011445
2.647730499982834
2.6488894000053405
2.650543699979782
2.7106388998031616
2.729921299934387
2.7333828999996186
2.7357767000198363
2.7532251999378206
2.7623715999126435
2.764340099811554
2.7657256000041963
2.7673345999717713
2.7686394000053407
2.7698806998729704
2.7710848000049593
2.7730649998188017
2.774438799858093
2.775667599916458
2.77704909992218
2.7793401999473573
2.793027799844742
2.7942184998989106
2.7957371997833254
2.7972867000102997
2.7989538998603822
2.8001143999099734
2.8349649999141695
2.903623899936676
2.904712699890137
2.955898899793625
2.9599677999019622
2.961681199789047
3.044334899902344
3.045377599954605
3.046876899957657
3.048066099882126
3.0491066999435423
3.0509491000175477
3.053084899902344
3.0540997998714445
3.0553417999744417
3.0566610000133516
3.0635834000110624
3.1301574997901915
3.1429117999076843
3.1461062998771667
3.1471601998806
3.1504983999729155
3.1537465999126435
3.1656894998550413
3.16712099981308
3.1682433998584747
3.1719517998695372
3.173233699798584
3.174788899898529
3.1851114997863768
3.237480999946594
3.239049899816513
3.2446953999996184
3.2466203999519347
3.247868899822235
3.2491294999122617
3.250509299993515
3.2616124999523164
3.272419299840927
3.2736698999404905
3.27515499997139
3.316642599821091
3.4061208000183107
3.4073542997837065
3.4088566999435423
3.4228198997974397
3.42424129986763
3.42559299993515
3.4268609998226167
3.5500495998859405
3.553587199926376
3.554820699930191
3.556256899833679
3.6111065998077394
3.6598968999385835
3.784830799818039
3.8266513998508453
3.8280886998176573
3.905448699951172
3.983021199941635
4.001885900020599
4.087189199924469
4.088473799943924
4.089581199884415
4.091376499891281
4.094175099849701
4.095402699947357
4.096569000005722
4.107492899894714
5.091888399839402
5.093562199831009
5.094769799947739
5.161396399974823
5.163181499958038
5.337987499952316
5.366853999853134
5.368140999794006
5.472635499954223
5.474020399808884
5.477554999828339
5.478900699853897
5.534526099920273
5.563046599864959
5.577778899908066
5.579363199949264
5.580960999965668
5.671577799797058
5.7307132999897
5.732336399793625
5.733666599988937
6.095920899868012
6.097619799852371
6.110215299844742
6.112152699947357
6.113792599916458
6.116712799787521
6.119131699800492
6.121120199918747
6.123611899852753
6.125311399936676
6.126649699926376
6.128126999855041
6.12959719991684
6.13094219994545
6.132564999818802
6.535227499961853
6.673999399900437
6.814793200016021
6.834747399806976
7.167096199989319
7.168817999839782
7.221433399915695
7.223132299900055
7.2268461999893185
7.237468199968338
7.239006899833679
7.240796299934387
7.4879117999076845
7.489136600017548
7.490882599830628
8.922579199790954
9.23890819978714
9.240529199838639
9.241935299873353
9.248482299804687
9.249734899997712
9.254192499876023
9.257879400014877
9.271203899860382
9.272576399803162
9.27418029999733
9.27554390001297
21.93953749990463
21.94328349995613
21.963679399967194
21.97859130001068
22.013871799945832
22.04834179997444
22.066305499792097
22.071703499794005
22.07527629995346
22.076480000019075
22.081903100013733
22.083253499984743
22.08434889984131
22.096375099897383
22.099988199949266
22.102988199949266
22.105899899959564
22.10918099999428
22.207049399852753
22.209864899873732
22.212580199956893
22.21519089984894
22.217892399787903
22.220637300014495
22.22320579981804
22.225751099824905
22.228396199941635
22.231016299963
22.23356959986687
22.236375899791717
22.23919489979744
22.24109419989586
22.242777799844742
22.244709199905394
22.24681739997864
22.24900969982147
22.250658399820328
22.252452499866486
22.254410099983215
22.256091099977493
22.25781919980049
22.260810899972917
22.26277919983864
22.264486199855803
22.266074699878693
22.267716699838637
22.26933149981499
22.27044539999962
22.27138139986992
22.27265499997139
22.27387839984894
22.276678999900817
22.278849999904633
22.28086609983444
22.57600199985504
22.809206699848176
22.812761999845506
22.88354259991646
23.00325689983368
23.005200199842452
23.294010499954222
23.295532399892807
23.29702399992943
23.601748899936677
23.651610599994658
23.653963999986647
23.65585199999809
23.65740769982338
23.658996199846268
23.660347999811172
23.661673799991608
23.74038739991188
23.744951299905775
24.265169999837877
24.278974599838257
24.28196159982681
24.28547859978676
24.300957700014113
24.30432539987564
24.307157499790193
24.309252399921416
24.314733799934388
24.316518899917604
24.34012769985199
24.40902049994469
24.485212799787522
24.674712699890136
24.676546899795532
24.678313899993896
24.752007099866866
24.753285499811174
25.27052999997139
25.274128999948502
26.00872199988365
26.01029089999199
27.1710569999218
28.423442099809648
1.6336359000205993
1.6383770999908447
1.6583766000270843
1.6722217001914979
1.6834593000411988
1.7135168001651764
1.7155325000286101
1.7174853000640868
1.719385600090027
1.721186900138855
1.723062700033188
1.7249261000156402
1.726845400094986
1.7287901000976562
1.7302834000587464
1.7315989999771118
1.7891283001899718
1.7918327000141143
1.792949900150299
1.7940575001239776
1.7949009001255036
1.805406000137329
1.8064588000774384
1.8075921001434325
1.8085032000541688
1.8091998000144958
1.8116467001438141
1.8127322001457213
1.8137963001728057
1.8272761001586915
1.8284505000114442
1.8294024000167846
1.8303233001232146
1.8314192001819611
1.8325270001888274
1.833512300014496
1.8342539000511169
1.8348948001861571
1.835524700164795
1.8361764001846312
1.8432071001529693
1.8443090000152589
1.845405900001526
1.8464743001461028
1.8473636000156402
1.8482123000621795
1.8489756000041961
1.8751728000640868
1.876805000066757
1.8784850001335145
1.8799333000183105
1.8813425002098083
1.8829704999923706
1.884554100036621
1.887294200181961
1.888621600151062
1.8898951001167297
1.8911619000434876
1.8925503001213073
1.894189700126648
1.8954981000423432
1.8967914001941681
1.8986974000930785
1.900194000005722
1.9013914999961854
1.9026111001968384
1.9048242001533509
1.9061612000465393
1.9075696001052855
1.9464415001869202
1.9477599000930785
1.9490015001296996
1.9505882999897004
1.9522129001617432
1.9535493001937867
1.954744400024414
1.955906200170517
1.957050000190735
1.9584628000259399
1.9848605999946594
1.9860295000076293
1.9871907000541686
1.9882541000843048
1.989308200120926
1.990433799982071
1.9914240000247956
2.0022740001678465
2.0317014000415803
2.0328219001293184
2.0338849000930788
2.035019700050354
2.0364138000011445
2.0375353000164034
2.0386985001564026
2.0396836001873018
2.0405129001140594
2.041344400167465
2.042342600107193
2.043523400068283
2.0447908000946047
2.045796300172806
2.046763000011444
2.047804300069809
2.0485082001686097
2.0491779999732973
2.049827200174332
2.0763988001346587
2.077320100069046
2.0783189001083375
2.079106800079346
2.07990030002594
2.0807732000350954
2.081455900192261
2.0820784001350403
2.082848700046539
2.084198300123215
2.0853103001117708
2.0866611001491546
2.08784450006485
2.0888797001838686
2.0899199001789093
2.090814300060272
2.1150826001167298
2.1162808001041413
2.1176678001880647
2.1188168001174925
2.1197917001247406
2.120980600118637
2.121978600025177
2.123110100030899
2.124342700004578
2.1255605001449585
2.1265748000144957
2.1276890001296995
2.1285443000793456
2.1293237001895906
2.130928200006485
2.158185700178146
2.159357300043106
2.163084000110626
2.1645854001045226
2.1661558001041414
2.1672764000892637
2.173806400060654
2.1750508999824523
2.1763364000320435
2.177544800043106
2.1785902001857758
2.1795527000427244
2.198557100057602
2.1998112001419066
2.2015899000167845
2.2033825001716614
2.204664800167084
2.2057536001205444
2.2067834000587463
2.346125400066376
2.3518382999897005
2.3550992000102995
2.358634500026703
2.3648838000297547
2.367674800157547
2.3699781000614166
2.3720315001010897
2.3741952002048494
2.3762664000988005
2.3784774000644684
2.3810245001316073
2.3928589000701903
2.3948164000511167
2.397781400203705
2.4101268000602722
2.6189867000579836
2.6217060000896453
2.624151700019836
2.626061300039291
2.6283356001377105
2.630998500108719
2.6334579000473024
2.63579340004921
2.6382713000774385
2.6410714001655577
2.6434632000923157
2.6464464001655577
2.649736600160599
2.652839900016785
2.655152500152588
2.6581542999744414
2.6630166001319884
2.666413500070572
2.6680285000801085
2.6694883000850678
2.67083930015564
2.6722285001277926
2.6735479001998903
2.674950800180435
2.6764625000953672
2.6779865000247955
2.6794674000740053
2.6809134001731874
2.6823447999954224
2.683782900094986
2.6852115001678465
2.686421300172806
2.688278400182724
2.6899150002002714
2.6912052001953124
2.6921894001960753
2.693506500005722
2.6952769000530243
2.6967135000228883
2.6980596001148225
2.6990236999988557
2.6998189001083372
2.7005668001174925
2.7016960999965667
2.702449700117111
2.7032977001667025
2.7216947000026703
2.7238918001651764
2.725661600112915
2.7273748002052307
2.7294611999988554
2.731712200164795
2.7331484000682833
2.750653000116348
2.752143400192261
2.753746700048447
2.7548509001731873
2.7558423001766204
2.7650294001102447
2.766274500131607
2.767562600135803
2.7685077002048493
2.7693741002082826
2.7703849999904633
2.7715745000839234
2.7728671000003815
2.7741812000274657
2.7755408000946047
2.77676540017128
2.7781072001457217
2.779061300039291
2.779946799993515
2.780996200084686
2.7821858999729154
2.7833658001422883
2.784301500082016
2.7851377000808717
2.785955700159073
2.7868395001888273
2.787755900144577
2.789042900085449
2.79028719997406
2.7914768002033234
2.7933665001392365
2.794813600063324
2.7961040999889373
2.7972084000110624
2.8114532001018526
2.8130456001758577
2.814385400056839
2.816327500104904
2.8179830000400545
2.819632000207901
2.821231199979782
2.8227042000293734
2.824089100122452
3.3007752001285553
3.3054141001701356
3.4103721001148224
3.412091300010681
3.4191191000938415
3.42087900018692
3.4236459000110626
3.425269600152969
3.4267006001472473
3.4285259001255035
3.513525600194931
3.5152368001937866
3.539662900209427
3.5408600001335144
3.5423138999938963
3.5435501000881193
3.544998200178146
3.546203600168228
3.5475139000415803
3.6085277001857756
3.6126303000450135
3.61767290019989
3.619201800107956
3.6206553001403807
3.6699495000839235
3.687504600048065
3.690529700040817
3.6932677001953125
3.6959210000038145
3.6991504001617432
3.7020813000202177
3.7349745001792907
2.1174182999134064
2.1203414998054506
2.122373899936676
2.124403299808502
2.1459040999412538
2.1472195999622343
2.148500599861145
2.150464399814606
2.1517361998558044
2.1652678999900816
2.1669308998584746
2.168196999788284
2.1696401998996735
2.170840199947357
2.3207861998081207
2.336289099931717
2.340043799877167
2.343305499792099
2.3488685998916625
2.351903299808502
2.3551474997997284
2.3594797999858854
2.3623540999889374
2.3653129999637605
2.3681589999198915
2.374278099775314
2.3771766998767854
2.3804169998168945
2.386212299823761
2.3881811997890474
2.3902921998500823
2.392255999803543
2.3947349998950958
2.3970765998363497
2.4075034999847413
2.5591411998271942
2.5605188999176027
2.581086699962616
2.582561399936676
2.584093999862671
2.5858884999752045
2.6003027999401094
2.602582999944687
2.603781299829483
2.6050977997779845
2.6063875999450685
2.6077993998527527
2.608982999801636
2.888409199953079
2.930486999988556
2.9317309999465944
2.9329765999317168
2.9706399998664854
3.130060099840164
3.1697602999210357
3.1711685998439787
3.2616599998474123
3.264294499874115
3.2754329998493192
3.287176199913025
3.2883200998306275
3.3441773998737334
3.348233199834824
3.3611325998306274
3.362605299949646
3.364265699863434
3.3742530999183655
3.4463854999542236
3.4477978999614716
3.4489463999271393
3.457265799999237
3.459248099803925
3.4634292998313905
3.4648062999248506
3.4662826998233793
3.4679113998413085
3.4694119999408723
3.4711904997825624
3.4733454999923707
3.4754547998905183
3.478202399969101
3.4799066998958588
3.4813942999839784
3.4839002997875212
3.4869500999450684
3.4898854999542235
3.4949835000038147
3.4981186997890474
3.5059663999080657
3.5074459998607637
3.509078299999237
3.5120040998458864
3.5242753999233245
3.525425499916077
3.543333399772644
3.544715399980545
3.594233299970627
3.5957960999011993
3.5971526999473573
3.615065999984741
3.6165488998889925
3.6175843999385835
3.6188562998771667
3.6202325999736784
3.625194399833679
3.626563099861145
3.6275868999958036
3.6288369998931884
3.6299775998592376
3.6311704998016356
3.6324818999767303
3.6340945999622347
3.635732100009918
3.6380884997844696
3.6397743999958037
3.64232709980011
3.6439189999103547
3.645449299812317
3.6595105998516084
3.674740299940109
3.6757857999801637
3.677021999835968
3.6904117000102996
3.6915179998874663
3.6924958999156954
3.6936239998340605
3.695158299922943
3.6962292997837065
3.6973801999092104
3.6983771998882293
3.699626499891281
3.701064199924469
3.702196099996567
3.7032164998054506
3.704611799955368
3.7120852999687193
3.7140986998081207
3.7155
3.716534399986267
3.718104199886322
3.71961629986763
3.720928200006485
3.721952399969101
3.7228878998756407
3.723723799943924
3.7246484999656677
3.7255731999874113
3.7542637000083925
3.769976599931717
3.7714040999412535
3.7725611000061035
3.7739255998134613
3.7752123999595644
3.787962499856949
3.789474399805069
3.7907911999225616
3.7921068999767304
3.7936514999866486
3.7950419998168945
3.7963824999332427
3.79789359998703
3.7990114998817446
3.800039999961853
3.8010319998264315
3.8019697999954225
3.8027910997867584
3.8036065998077393
3.8166234998703
3.8177772998809814
3.8267693998813628
3.828023099899292
3.8297325999736787
3.8312277998924253
3.915625
3.91819269990921
3.919949299812317
3.9215069999694823
3.9913531999588012
3.9928509998321533
3.994136599779129
4.097186199903488
4.1006545000076295
4.137923499822617
4.186717099905014
4.187877199888229
4.189302599906921
4.190780599832535
4.1927012000083925
4.194644699811936
4.1960035998821255
4.197281299829483
4.198763899803161
4.200712799787522
4.202230999946594
4.206791799783707
4.2081560997962955
4.2094272999763485
4.21069939994812
4.211953199863434
4.213244399785996
4.214574899911881
4.215932199954986
4.230846499919891
4.232278399944305
4.233676999807358
4.234961499929428
4.236206899881363
4.237539999961853
4.2387842998504635
4.24036779999733
4.241873999834061
4.248466299772263
4.251436100006104
4.506976599931717
4.508222099781037
4.51128319978714
4.516795300006867
4.518453499794006
4.572164199829102
4.573698099851608
4.575182599782944
4.583372099876404
4.60290349984169
4.604821999788284
4.607024499893188
4.608877199888229
4.61129709982872
4.6130309998989105
4.614986699819565
4.619502799987793
4.628937199831009
4.630311499834061
4.63827079987526
4.639672899961472
4.640947299957276
4.843802099943161
4.845450299978256
4.846876099824906
4.848103099822998
4.849124699831009
4.850317599773407
4.851531999826431
4.8530541999340056
4.855586399793625
4.856877199888229
5.435708599805832
5.442656399965286
5.446147699832916
5.44783109998703
5.660947799921035
5.662236499786377
5.66584569978714
5.667133399963379
5.724869199991226
5.726890199899674
5.730402399778366
5.73207909989357
5.733622199773788
5.735205499887466
6.182194599866867
6.185883099794387
6.186950799942017
6.19002129983902
6.197714699983597
6.199179399967194
6.200612899780274
6.258214199781418
6.272789599895478
6.27782239985466
6.28168129992485
6.284862799882889
6.294431999921799
6.299105099916458
6.302701599836349
6.308427099943161
6.311803699970246
6.3146092000007625
6.316946199893952
6.319325099945068
6.321343199968338
6.32349279999733
6.326219099998474
6.32811429977417
6.565597499847412
6.7313279998302455
6.8946445999145505
6.994513999938965
6.996284799814224
6.9985992000102994
7.000692599773407
7.003982800006867
7.006429199934006
7.009058099985123
22.13475889992714
22.15243399977684
22.17569789981842
22.200470399856567
22.203622399806978
22.206540599822997
22.2145515999794
1.6196085000038147
1.660739200115204
1.6628561000823974
1.6655196001529693
1.667361000061035
1.6687817001342773
1.670204600095749
1.7018475000858306
1.7031258001327514
1.7143983001708984
1.7161544001102447
1.7174608001708984
1.7890486001968384
1.7940661001205445
1.7963233001232146
1.8013431000709534
1.8041648001670838
1.8064144999980927
1.817418300151825
1.878765100002289
1.8801186001300811
1.881449000120163
1.8827052001953124
1.91839040017128
1.9203059000968934
1.9238324000835418
1.9259919002056123
1.9274604001045228
1.9430436999797822
2.1800218000411986
2.2006922001838682
2.2035583000183108
2.3136530001163482
2.3151639001369477
2.3166575000286103
2.318153200149536
2.3195657000541687
2.32110120010376
2.322615700006485
2.4177062001228333
2.4548234000205995
2.492407100200653
2.515065999984741
2.5168509001731874
2.518034900188446
3.4073529000282288
3.408842200040817
3.8568166999816893
3.889455700159073
4.015344400167465
4.0167461001873015
4.066670500040054
4.399449599981308
4.407975100040436
4.4125169000625615
4.456084300041199
4.504552400112152
4.5081890001297
4.511443900108337
4.514057000160217
4.516796900033951
4.519527400016785
4.522564200162887
4.526110100030899
4.529412800073624
4.5333105001449585
4.537374800205231
4.540887500047684
4.545045099973678
4.548449000120163
4.551988399982452
4.554693200111389
4.578352500200271
4.5994465000629425
4.627997900009155
4.6811874001026155
4.685099500179291
4.686657900094986
4.688011000156402
4.689473200082779
4.6908763000965115
4.720468900203705
4.722908800125122
4.724553600072861
4.7314437000751495
4.7331190001964565
4.736651100158691
4.738319400072098
4.740280800104141
4.742810600042343
4.744634500026703
4.747337200164795
4.749747100114822
4.773287100076676
4.7878356001377105
4.881490000009537
4.884929700136185
4.9266486999988555
4.928144800186157
5.067498600006103
5.110642700195313
5.182610300064087
5.346970000028611
5.961947200059891
6.022148699998856
6.023484500169754
6.024750600099564
6.0272443001270295
6.096310899972916
6.400227100133896
6.4179493000507355
6.419951500177383
6.422598000049591
6.42390950012207
6.425223900079727
6.426734800100326
6.428288000106812
6.429825500011444
6.437015700101853
6.438627500057221
6.4400875999927525
6.441417100191116
6.44293029999733
6.445204400062561
6.4462850000858305
6.447433700084686
6.494915600061416
6.50229070019722
6.532611200094223
6.556707800149917
6.560788600206375
6.563108600139618
6.5716733000278476
6.5779009001255035
6.584717300176621
6.624941300153733
6.627035099983216
6.628513800144195
6.629915500164032
6.632104700088501
6.6462980999946595
6.647568200111389
6.650294500112533
6.665531500101089
6.66686040019989
6.6684046001434325
6.669536499977112
6.670805500030518
6.672194300174713
6.673706700086593
6.674996900081634
6.6765853002071385
6.692611100196839
6.693846199989319
6.695009600162506
6.702529600143433
6.7044193999767305
6.707190200090408
6.708267000198364
6.709675199985504
6.710798200130463
6.727462599992752
6.733152899980545
6.735759900093079
6.7382957999706266
6.740401900053024
6.742395200014115
6.743650500059128
6.930350800037384
6.93299010014534
6.935656300067902
6.93870609998703
7.041193400144577
7.085906200170517
7.087997400045395
7.089863900184631
7.097655500173569
7.109106800079346
7.111057100057602
7.212042299985885
7.576729300022126
7.770351000070572
7.772023200035095
7.774478800058365
7.783371700048447
7.78585740017891
7.787313400030136
7.788779400110244
7.790087700128555
7.84693010020256
7.84847870016098
7.85004590010643
8.211562900066376
8.214393300056457
8.242392800092697
8.257120500087739
8.25879490017891
8.263272700071335
8.271878900051117
8.273253499984742
8.303076300144195
8.304395300149917
8.305847800016403
8.308519299983978
8.320014000177384
8.357773000001908
8.463288800001145
8.533308500051499
8.768169000148774
11.555969300031663
11.61351760005951
11.616513700008392
11.619162400007248
22.452151400089264
22.45458910012245
22.45613300013542
22.457375
22.45908140015602
22.51230510020256
22.5257132999897
22.52883039999008
22.531693099975588
22.536906400203705
22.538877099990845
22.55143010020256
22.55801120018959
22.615651200056075
22.629986000061034
22.660376300096512
22.664055700063706
22.67275080013275
22.679196600198747
22.68044520020485
22.68542680001259
22.689476600170135
22.691232300043104
22.692823000192643
22.69438170003891
22.695729099988938
22.696675899982452
22.7323234000206
22.733384500026702
22.734330500125886
22.761706500053407
22.772640200138092
22.77424360013008
22.77563790011406
22.77692290019989
22.7782976000309
22.77985120010376
22.781477100133895
22.80477410006523
22.817918100118636
22.819045000076294
22.82027280020714
22.821352900028227
22.822477800130844
22.8235858001709
22.82567910003662
22.826744700193405
22.827887600183487
22.828798500061033
22.82962480020523
22.84051690006256
22.867470900058745
22.928116700172424
22.984079200029374
22.989105600118638
22.999825800180435
23.00406230020523
23.00890180015564
23.013091099977494
23.014932399988176
23.028075100183486
23.029665600061417
23.194591300010682
23.19757120013237
23.201407100200655
23.41338070011139
23.421631900072096
23.861951800107956
23.903117900133132
23.905463700056075
23.906725800037385
23.966514000177384
23.97332610011101
24.01311430001259
24.05894650006294
24.926317900180816
24.95062950015068
24.954558200120925
24.957971100091935
24.9608492000103
24.963308300018312
24.967732300043107
25.07882520008087
25.08137600016594
25.456094400167466
25.459186800003053
27.839850700139998
6.327901200056076
6.332914800167083
7.1588387000560765
7.181404200077057
7.228389400005341
7.2338431000709535
7.434659600019455
7.449056000232696
7.463948900222778
7.49422050023079
7.49738420009613
7.500366900205612
7.503983800172806
7.507297800064087
7.510450000047684
7.513998200178146
7.517881400108338
7.521162500143051
7.524205200195312
7.527039499998093
7.528817100048065
7.72906650018692
8.51247400021553
8.536589900016784
8.53817910003662
8.539391000032426
9.46586810016632
9.46781750011444
9.469426300048829
9.470795700073243
9.476409600019455
9.56156570005417
9.564838700056075
9.683134600162505
9.684626900196076
9.702677500009537
9.704145400047302
9.732992200136184
10.035706800222396
10.090479500055313
10.091910900115966
10.119036300182342
10.187642100095749
10.546855000019074
10.548470800161361
10.55318430018425
10.554563400030137
10.607721100091934
10.610698500156403
10.613888300180434
10.617380500078202
10.621102600097656
10.624378300189973
10.627802500009537
10.630545000076294
10.633572100162507
10.65137400007248
11.200055600166321
11.87259700012207
11.89355210018158
12.932504400014878
13.05202560019493
13.2289499001503
13.232295700073243
13.235449100017547
13.243716500043869
13.247204700231553
13.248479300022126
13.265173200130462
13.266680000066756
13.26816790008545
13.269395000219346
13.271017500162124
13.273847600221634
13.348979500055313
13.388690800189972
13.404612900018693
13.449924800157547
13.514564600229264
13.554453299999237
13.556907700061798
13.577715100049973
13.579549400091171
13.581177000045777
13.582689600229264
13.587638600111008
13.589280500173569
13.590876200199126
13.592413900136947
13.593849400043487
13.595351600170135
13.597037700176239
13.59895760011673
13.600449500083924
13.601968500137328
13.61378300023079
13.61553750014305
13.675243900060654
13.68728700017929
13.69201190018654
15.891374100208283
15.919836199998855
15.923787200212479
15.925959400177002
15.927094099998474
15.949163100004196
15.951210300207139
15.952563700199127
15.954771300077438
16.038257899999618
16.039992200136183
16.041762100219728
16.043112300157546
16.04482240009308
16.045743700027465
16.052545700073242
16.053760600090026
16.05503900003433
16.0566429002285
16.09058490014076
16.112169800043105
16.136086199998857
16.138388000011442
16.141232500076296
16.143645300149917
16.145439200162887
16.147732300043106
16.150236700057985
16.152492700099945
16.153856100082397
16.15519820022583
16.156646200180052
17.055247600078584
17.056673300027846
17.074958500146867
17.1380734000206
17.13937450003624
17.140752300024033
17.141815500020982
17.15334110021591
17.155902200222016
17.159350900173187
17.16097300004959
17.1625
17.163842500209807
17.165474900007247
17.166840500116347
17.16821230006218
17.170202500104903
17.186541300058366
17.19206230020523
17.19536070013046
17.198467600107193
17.199912000179292
17.20136980009079
17.208730300188066
17.215195100069046
17.21774900007248
17.21931200003624
17.220782600164412
17.22229940009117
17.271670800209044
17.27344470000267
17.30111810016632
17.302482500076295
17.58287000012398
17.58422750020027
17.677994200229644
17.679611500024794
17.680980800151826
17.682213700056074
17.683660900115967
21.807699800014497
21.80897950005531
22.136508300065994
22.138144000053405
22.16371030020714
22.164955800056457
22.166610300064086
22.1680218000412
22.169104300022124
22.170660300016404
22.172149300098418
22.180695900201798
22.18253150010109
22.183906300067903
22.21815430021286
22.253840900182723
22.255017000198364
22.256048700094222
22.257544100046157
22.258796200037004
22.26006100010872
22.262075500011445
22.26344390010834
22.26513890004158
22.266687200069427
22.267883599996566
22.26918480014801
22.270476000070573
22.271743400096895
22.27294620013237
22.274065300226212
22.275011300086977
22.276253400087356
22.471793400049208
22.48848840022087
22.490569800138474
22.492910400152205
22.49464530014992
22.496682400226593
22.499250300168992
22.565981500148773
22.579142700195312
22.581475800037385
22.58412280011177
22.58627950000763
22.58859080004692
22.590437600135804
22.592522500038147
22.595421500205994
22.598532900094987
22.601499300003052
22.604246500015257
22.60628550004959
22.608269200086593
22.63829120016098
22.63943080019951
22.640727900028228
22.64192960000038
22.643193400144575
22.677108700037003
22.67953920006752
22.682694400072098
22.77002250003815
22.823431400060652
22.847308500051497
23.12458210015297
23.127416300058364
23.130582300186155
23.132239400148393
23.133434900045394
23.134729600191115
23.136057400226594
23.13734640002251
23.16006150007248
23.16214630007744
23.164445399999618
23.325521800041198
23.338574600219726
23.340140000104903
23.341178900003435
23.394319000005723
23.403326600074767
23.41278330016136
23.42839730000496
23.442416800022126
23.443689000129698
23.49153000020981
23.497583700180055
23.49906700015068
23.500721100091933
23.502060600042345
23.503312900066376
23.505152700185775
23.506719600200654
23.508391800165178
23.51956160020828
23.52260989999771
23.524323800086975
23.586449500083923
23.58793530011177
23.58926760005951
23.590577600002288
23.59170190000534
23.68788520002365
23.706866400003435
23.7094390001297
23.713294000148775
23.730024399995806
23.73956650018692
23.755490700006487
23.756704700231552
23.89737300014496
23.898990400075913
24.253073300123216
24.254669500112534
24.255902700185775
24.257407200098037
24.49188670015335
24.647346400022506
24.649743100166322
24.656750900030136
24.661293000221253
24.744167100191117
24.749473400115967
24.75088170003891
24.84691420006752
24.85249240016937
24.85862180018425
