4.067257500171661
5.6669609000682835
5.673666000127793
5.709131100177765
5.710777700185775
5.728537400007248
5.91237180018425
5.915740600109101
5.918649500131607
5.920234300136566
5.969535500049591
5.977568500041961
6.071552300214767
6.07295290017128
6.075093100070953
6.076425700187683
6.204870200157165
6.226894900083542
6.404443100214005
6.407023800134659
6.452570399999619
6.612598900079727
6.62627060008049
6.628498400211334
6.6340936000347135
6.645894200086594
6.66813840007782
6.763241300106048
6.8265250000953674
6.8278914000988005
6.984645400047302
7.11971950006485
7.208213600158691
7.210313700199127
7.42467560005188
7.524697300195694
7.526773600101471
7.550906800031662
7.577048000097275
7.584124100208283
8.006391000032425
8.065603700160981
8.072483600139618
8.170762200117112
8.1720070002079
8.17324430012703
8.174923200130463
8.183420100212096
8.190392700195313
8.19272670006752
8.194308000087737
8.195495000123978
8.197610200166702
8.19997620010376
8.201492799997329
8.204321000099181
8.205431600093842
8.233592300176621
8.255316700220108
8.376071099996567
8.68956970000267
8.691386300086975
8.900773699998856
8.90330529999733
8.904927300214768
8.913867100000381
8.922061600208282
8.976673000097275
9.215567400217056
9.21837600016594
9.224343600034715
9.225807600021362
9.227548300027847
9.230595300197601
9.232728900194168
9.235738000154495
9.237689900159836
9.24018180012703
9.241866300106048
9.243916300058364
9.245982100009918
9.247545300006866
9.250741200208664
9.252539499998093
9.255141600131989
9.281492500066758
9.28510790014267
9.287415400028229
9.389409700155259
9.391707200050353
9.703535600185393
9.92972990012169
9.93506500005722
9.93896700000763
9.989133500099182
10.01346060013771
10.016713500022888
10.034125300168991
10.064585600137711
10.383166700124741
10.40552010011673
10.408533900022507
10.4104375
10.412296100139617
10.41417090010643
10.422861500024796
10.424987800121308
10.427199800014495
10.487851100206376
10.610719400167465
10.633575700044632
10.63926590013504
10.694405200004578
10.744235300064087
10.745741400003434
10.794559200048447
11.005543700218201
11.014514000177384
11.023847400188446
11.042785100221634
11.048644800186157
11.053366300106049
11.05803150010109
11.060540600061417
11.065756000041961
11.073793200016022
11.083731600046157
11.0861374001503
11.088058900117874
11.103574100017548
11.105554600000382
11.117090000152588
11.118995200157165
11.170367100000382
11.611449500083923
12.102078999996186
12.125706800222396
13.098451700210571
13.105641100168228
13.109110100030898
13.196527700185776
13.201541700124741
13.615146000146867
13.667425199985503
13.669315800189972
13.6733914000988
13.675404400110244
13.677670800209045
13.679764700174331
14.35692309999466
14.360783300161362
14.364715700149537
14.36959030008316
14.374519600152968
14.37877680015564
14.383018400192261
14.687334500074387
14.690373500108718
15.159397500038146
15.162467900037765
15.176294100046158
15.177625300168991
15.640166800022126
15.644749400138855
15.648567700147629
15.651094700098037
15.653874400138855
15.656488400220871
15.658931400060654
15.661272900104523
15.66343010020256
15.679850900173188
21.448387100219726
21.477713299989702
21.47865880012512
21.637561000108718
21.639608800172805
21.641813700199126
21.643630700111387
22.973758800029756
22.98800970005989
22.98910250020027
22.99994550013542
23.00155970001221
23.00346530008316
23.007680200099944
23.009272900104524
23.01072230005264
23.012328500032424
23.01382190012932
23.015383800029756
23.01685100007057
23.018083700180053
23.028720100164414
23.15902300000191
23.160936400175096
23.162119500160216
23.164040600061416
23.165667500019072
23.16729400014877
23.16865380001068
23.184269300222397
23.186322100162506
23.3015734000206
23.305343700170518
23.316799499988555
23.333726100206373
23.336294000148772
23.33858910012245
23.340750200033188
23.3435625
23.345630600214005
23.34841570019722
23.350532700061798
23.352278500080107
23.35458360004425
23.357260600090026
23.474822100162505
23.47616850018501
23.478179700136184
23.47970740008354
23.481313800096512
23.482450300216676
23.48412420010567
23.48624010014534
23.495688300132752
23.51635300016403
23.559197600126268
23.565795000076292
23.56741640019417
23.568981300115585
23.570710800170897
23.5898601000309
23.630430200099944
23.64452060008049
23.690532700061798
23.70371160006523
23.82318950009346
23.82440930008888
23.82913720011711
23.831622600078582
23.833150500059126
23.83452480006218
23.837361000061033
23.850824500083924
23.89490130019188
23.896519000053406
23.898060500144958
23.899542000055312
23.900981500148774
23.902283600091934
23.903612900018693
23.905351900100708
23.906626200199128
23.90848860001564
23.909732000112534
23.910909100055694
23.9122039000988
23.924003100156785
23.963070100069046
24.015755700111388
24.036290600061417
24.038206900119782
24.039717700004577
24.041167900085448
24.047061600208284
24.0492609000206
24.050764500141145
24.065914800167082
24.072608600139617
24.074426700115204
24.075821000099182
24.107716900110244
24.133680400133134
24.145468900203706
24.20815280008316
24.414207200050352
24.43725170016289
24.649991900205613
24.65275720000267
24.676812600135804
24.67890430021286
24.681338000059128
24.68454940009117
24.686574600219725
24.688542800188063
24.750713999986647
25.145966700077057
25.15202850008011
25.170472100019456
25.441322499990463
25.442707900047303
25.546719200134277
25.55309200000763
25.561978100061417
25.563486600160598
28.47364610004425
28.475239500045777
28.477008800029754
28.478527200222015
