3.4116117000579833
3.927378900051117
3.978509500026703
3.9809428000450136
3.9827071001529695
3.9845371000766754
4.050323300123215
4.090611100196838
4.141108700037003
4.151969200134277
4.212527900218964
4.214132700204849
4.236940100193023
4.2634301002025605
4.268352699995041
4.56694620013237
4.583514900207519
4.8241242001056674
4.858316600084305
4.885106900215149
4.891599900007248
4.893640000104904
4.8958533999919895
4.8983239002227785
4.899933200120926
4.902619199991226
4.904308400154114
4.906549600124359
4.950009800195694
4.955278900146484
4.962813300132751
4.969078200101852
4.974365200042724
4.982054100036621
4.983651600122451
5.03883460021019
5.065986800193786
5.073506600141525
5.0855066001415254
5.091284700155258
5.126437300205231
5.149634900093079
5.153830700159073
5.279056600093842
5.309155400037765
5.368893200159073
5.379116800069809
5.381891600131988
5.384506200075149
5.386113500118255
5.39062850022316
5.397636800050735
5.418017800092697
5.4195612001419065
5.420586600065231
5.492649399995804
5.493819000005722
5.4950489001274105
5.496926400184631
5.499065600156784
5.509746900081635
5.510914400100708
5.590100900173187
5.591488300085068
5.632706700086594
5.647367500066757
6.044990800142288
6.063834500074386
6.243429200172424
6.251862000226975
6.254252700090408
6.263069400072098
6.264618400096893
6.266513900041581
6.271965300083161
6.273874300003052
6.323299200057983
6.367158100128174
6.375792400121689
6.378724900007248
6.394428900003433
6.3963120000362395
6.4002996001243595
6.402210500001908
6.403528700113297
6.405206000089645
6.409218500137329
6.464755300045013
6.497058400154113
6.500082500219345
6.502121100187302
6.503913800001144
6.505645500183105
6.5086647000312805
6.51050400018692
6.81258780002594
6.847835900068283
6.856350000143051
6.857996400117874
6.859576700210571
6.861251600027084
6.8756941001415255
6.877389400005341
6.878976999998093
6.8893257000446315
6.895728100061417
6.896813100099563
6.897860300064087
6.898956400156021
6.89996430015564
6.901043800115585
6.9032907001972195
6.90486779999733
6.906256600141525
6.907631300210952
6.909309500217438
6.911308600187302
6.934839100122452
6.936695200204849
6.938833800077439
6.940795300006866
6.942876399993897
6.962061100006103
6.963679000139236
6.964962500095368
7.099486100196838
7.102468700170517
7.104504600048065
7.106632000207901
7.109739000082016
7.111344700098038
7.113401100158692
7.466628100156784
7.472291400194168
7.503410100221634
7.505876399993896
7.514500900030136
7.5175214002132416
7.51942340016365
7.798099700212479
7.799665600061417
7.921197200059891
8.041110000133514
8.080896700143814
8.082782100200653
8.084665300130844
8.145157200098037
8.297043200016022
8.431794800043106
8.712680000066758
8.71377360010147
8.714819100141526
8.94903570008278
8.953096800088883
8.955687200069427
8.957772900104523
8.967691700220108
8.97059549999237
8.972536000013351
8.997137000083923
9.001681699991225
9.230221600055694
9.518246000051498
9.521165100097656
9.585720800161361
9.587727900028229
9.5972733001709
9.736789499998093
9.814411900043488
9.823088600158691
9.953618700027466
9.998226400136948
10.128012700080872
10.133615900039674
10.255331200122834
10.393610500097274
10.395230500221253
10.396864400148392
10.625375300168992
10.799594500064849
10.812722900152206
10.885024399995803
10.93765900015831
10.939651100158692
10.943694000005722
10.945479100227356
11.444398000001907
11.449378300189972
11.483799600124359
11.486835600137711
11.488344200134277
22.557479600191115
22.975381800174713
23.06621630001068
23.06791620016098
23.07186680006981
23.074213000059128
23.129644300222395
23.14487080001831
23.161943800210953
23.16537630009651
23.33957310009003
23.348396500110628
23.355055200099944
23.450127800226213
23.576671300172805
23.61296530008316
23.68721110010147
23.688646300077437
23.690928600072862
23.72435890007019
23.733804500103
23.766883900165556
23.76832390022278
23.76987400007248
23.795269400119782
23.79698830008507
23.801212700128556
23.803062600135803
23.804343700170516
23.815265200138093
23.81660220003128
23.85959450006485
23.864811900138854
23.86890080022812
23.905361200094223
23.958101999998092
23.98431670022011
23.99623140001297
24.003793200016023
24.010995200157165
24.01822860002518
24.02008880019188
24.027229300022125
24.03426320004463
24.07873710012436
24.083992000102995
24.099974400043486
24.10154860019684
24.103364700078963
24.15265410017967
24.15430430006981
24.226621000051498
24.232532400131227
24.236720100164412
24.240688600063326
24.246347400188448
24.251601600170137
24.263884100198744
24.269835700035095
24.37880880022049
24.381472600221635
24.383679700136184
24.398974100112916
24.40087010002136
24.423137300014496
24.479870400190354
24.482714400053023
24.484089500188826
24.512353000164033
24.538734300136568
24.571444900035857
24.63307390022278
24.68460540008545
24.70709820008278
24.814725400209426
24.998046100139618
25.003749000072478
25.016305200099946
25.30386330008507
25.31447070002556
25.369961000204086
25.372001600027083
25.39659600019455
25.679906300067902
25.713270200014115
25.72953220009804
26.01480110001564
26.018291600227357
26.066530600070955
26.12091240000725
26.308072100162505
26.57891250014305
28.298755400180816
28.565121200084686
28.5731225001812
29.34381500005722
29.348055000066758
29.360283400058748
30.862387100219728
31.401336400032044
31.903979000091553
31.911026400089263
31.933866700172423
31.943064100027083
34.46114630007744
35.50234540009499
35.504487900018695
35.506381800174715
35.51201840019226
1.5438326001167297
1.5738138999938964
1.5756224999427795
1.577649300098419
1.5798289999961852
1.5819448001384735
1.58543950009346
1.7319458000659942
1.7422794001102448
1.7623180000782013
1.7635559000968932
1.7646347000598908
1.8353371000289918
1.8999167001247406
1.908486000061035
1.9460546000003816
1.965984200000763
2.0018083999156953
2.007959100008011
2.040476799964905
2.0439793999195097
2.04548189997673
2.046866600036621
2.0489714000225066
2.0504883999824526
2.0518965001106264
2.0535306000709532
2.0551809000968935
2.056527100086212
2.0578248999118807
2.1140942001342773
2.1278801999092103
2.134907700061798
2.1641444001197816
2.2214623999595644
2.2320769000053406
2.2340994000434877
2.236387099981308
2.237608299970627
2.2998782999515535
2.3028046000003815
2.305759500026703
2.308597100019455
2.3114286000728606
2.314049700021744
2.3169451999664306
2.321908499956131
2.32461980009079
2.326563499927521
2.3285067999362945
2.330809700012207
2.3327578001022338
2.334716300010681
2.362028100013733
2.364201499938965
2.3662788999080657
2.368145299911499
2.370122200012207
2.3720615000724794
2.374007499933243
2.37595140004158
2.377973000049591
2.3797911999225616
2.381528000116348
2.3833250999450684
2.384952700138092
2.3862044999599457
2.387621799945831
2.3889249000549317
2.3902276000976563
2.3914800999164583
2.3927973001003267
2.3940884001255034
2.3954172999858856
2.3966653001308442
2.3990109000205995
2.400538300037384
2.4155378999710084
2.4165949001312255
2.6401447999477385
2.645963900089264
2.6504275000095365
2.782821799993515
2.803085000038147
2.807260299921036
2.808480600118637
2.8095260000228883
2.813706300020218
2.8158168001174926
2.820419899940491
2.9013406999111178
2.9026410000324248
3.0720230000019075
3.077844300031662
3.0796668000221255
3.081076299905777
3.082201999902725
3.083433000087738
3.0845994000434875
3.0858598001003266
3.087028100013733
3.099120500087738
3.1028568999767305
3.1041245000362396
3.105396500110626
3.1065912001132965
3.1077811999320986
3.1090013000965118
3.110105600118637
3.111430200099945
3.118517699956894
3.123020499944687
3.1265304000377654
3.13075870013237
3.1319207999706267
3.1331031000614167
3.1373647000789644
3.140601599931717
3.14253870010376
3.143842099905014
3.1452632999420165
3.1464820001125338
3.1480889999866486
3.1493436999320985
3.150528899908066
3.1518352000713348
3.1531050000190737
3.1543445999622346
3.155691400051117
3.1570931000709535
3.158322700023651
3.1598315999507904
3.1610315001010894
3.1620762000083924
3.163341300010681
3.1644914000034334
3.1656953999996187
3.1668355000019073
3.1678961000442505
3.1689656999111175
3.1707502999305723
3.1717111999988554
3.1728106999397276
3.1741449999809266
3.175739000082016
3.1768694999217986
3.1780285000801087
3.179071300029755
3.1803183999061586
3.183971899986267
3.1851819999217987
3.1924893999099733
3.2107367000579834
3.2448027999401092
3.2462488000392913
3.2478566000461577
3.249121099948883
3.2503247001171114
3.2518145999908445
3.253709800004959
3.255591500043869
3.2567307000160217
3.257945899963379
3.259402899980545
3.260713799953461
3.2619648001194
3.2632409000396727
3.2644948999881747
3.2658013999462128
3.267592099905014
3.268851599931717
3.2714065999984743
3.2727300000190733
3.2740622000694275
3.2753485000133513
3.2766405000686647
3.278244199991226
3.2807630999088286
3.284118900060654
3.2858854999542237
3.28765549993515
3.29258780002594
3.2936598000526427
3.295645999908447
3.2968782000541688
3.298242500066757
3.3000041999816894
3.301312900066376
3.30235170006752
3.3033756000995638
3.308796600103378
3.3598326001167296
3.850442100048065
3.851549600124359
3.852657599925995
3.8536282999515534
3.8967752001285554
3.8979695999622344
3.899183799982071
3.902873699903488
3.9058722000122073
4.2555120000839235
4.299286600112915
4.37313689994812
4.416123100042343
4.539317100048065
4.594185400009155
5.2381923999786375
5.23959700012207
5.262693000078201
5.295521899938583
5.344851900100708
5.375769299983978
5.479712199926376
5.481246299982071
5.542542299985886
5.572624099969864
5.584971199989319
5.679276600122452
5.6808603000640865
5.840647300004959
5.842646899938583
6.076349200010299
6.32792560005188
6.3392738001346585
6.3420236999988555
6.343469300031662
6.344967600107193
6.346395100116729
6.347957499980927
6.484597700119019
6.487725600004196
6.490743999958038
6.493257600069046
6.496101599931717
6.498740299940109
6.5165733001232145
6.520075799942017
6.523359699964523
6.52608560013771
6.529218699932098
6.532298700094223
6.535065099954605
6.537559799909592
6.54018230009079
6.542712700128555
6.545220400094986
6.548814700126648
6.551489399909973
6.557576699972152
6.559598400115966
6.561651799917221
6.563629600048065
6.565499799966812
6.567645200014114
6.570974299907684
6.573822900056839
6.581697000026703
6.5863501999378204
6.58785170006752
6.870163900136948
7.127528100013733
7.168487400054931
7.308521899938583
7.31068549990654
7.31261109995842
7.527469399929046
8.9056781001091
10.795642499923707
10.797177000045776
10.798637900114059
11.810697999954224
11.89767610001564
11.900913900136947
11.90428820014
22.157865000009537
22.175954699993135
22.17815989995003
22.180002099990844
22.182551000118256
22.19222519993782
22.19537669992447
22.853702700138093
23.491160099983215
23.52923440003395
23.551436900138857
23.61030329990387
23.752687400102616
24.398201800107955
24.493553499937057
24.88016650009155
24.88174210000038
24.883286900043487
24.9113952999115
24.926573600053786
24.958655900001524
25.174115900039673
25.178201499938965
26.464832499980925
26.535477600097657
2.0948006999492645
2.0996963000297546
2.1025947000980376
2.10536829996109
2.108236900091171
2.111186599969864
2.1141433999538424
2.117494499921799
2.1194828000068666
2.121319900035858
2.12321749997139
2.12505529999733
2.1495692999362945
2.1509734001159666
2.152301599979401
2.168906000137329
2.1704065999984743
2.1718112001419065
2.1733408999443053
2.1746642000675203
2.176560699939728
2.1809865000247957
2.182495500087738
2.1838401999473573
2.2880164000988006
2.3747415001392365
2.37905579996109
2.384321799993515
2.3872211999893187
2.390973599910736
2.3945336000919344
2.396075799942017
2.509399500131607
2.510951499938965
2.5124045000076296
2.513911600112915
2.5240255999565124
2.525451800107956
2.5268508999347685
2.528421800136566
2.5479209001064302
2.561200700044632
2.5629277999401094
2.564371999979019
2.5655499999523164
2.5745847001075743
2.584985500097275
2.586490700006485
2.5943589000701905
2.5966693000793457
2.854192500114441
2.925766799926758
2.9269156999588013
2.934314399957657
2.9355490999221803
2.9367915999889376
2.937932699918747
2.9744595999717713
2.9759010000228883
2.9773080999851227
2.978839299917221
2.9821003999710083
2.983968199968338
2.98668950009346
3.0223547999858855
3.0257950999736787
3.0283794000148774
3.029900200128555
3.0769119000434877
3.080607300043106
3.107723599910736
3.109193200111389
3.117698100090027
3.1338798999786377
3.1376633999347687
3.1390559000968934
3.1403633000850677
3.1417515001296996
3.1432079000473023
3.1445420999526976
3.146194000005722
3.1478406999111175
3.1492925000190737
3.1528873000144957
3.15684500002861
3.1690144000053406
3.3762811999320985
3.4686860001087187
3.470102100133896
3.471649300098419
3.473257600069046
3.4771665000915526
3.4820223000049593
3.484739799976349
3.4861440000534056
3.4879993000030516
3.490664099931717
3.4947971999645233
3.4962374999523163
3.497625900030136
3.4989946999549866
3.504883800029755
3.506232300043106
3.507867000102997
3.5097862000465394
3.5111932001113892
3.5125912001132966
3.514052999973297
3.515502799987793
3.5171166999340056
3.5185836999416353
3.520088900089264
3.5220989000797274
3.523532900094986
3.5261338000297546
3.527654900074005
3.5289904000759127
3.5302720999717714
3.5316377999782564
3.532817300081253
3.534124000072479
3.535589600086212
3.537833899974823
3.539619400024414
3.541881099939346
3.5432711000442505
3.5481182000637053
3.549479799985886
3.5982243001461027
3.599617200136185
3.600972100019455
3.6188830001354217
3.6783514001369477
3.7080569999217987
3.7094627001285554
3.7107599999904632
3.733563199996948
3.73504390001297
3.736304199934006
3.7431593000888825
3.745308000087738
3.748113300085068
3.7531087999343873
3.754702500104904
3.7576212000846865
3.7604207000732424
3.762271300077438
3.766062900066376
3.7675985000133516
3.7691921000480653
3.7704112000465395
3.834128900051117
3.83528719997406
3.8365460000038145
3.837895499944687
3.9951547999382018
4.112294300079346
4.201054500102996
4.202530600070953
4.204079100131988
4.209297899961472
4.210623800039292
4.216941600084305
4.2741554999351505
4.288366899967194
4.3746751999855045
4.376084500074387
4.3786552000045775
4.380730200052262
4.382940700054169
4.385327399969101
4.3866668999195095
4.387922800064087
4.38917760014534
4.3904009001255035
4.391914999961853
4.392846499919892
4.393914799928665
4.3949170000553135
4.409872200012207
4.527763299942016
4.534855799913406
4.53844889998436
4.546035399913788
4.550691200017929
4.552140100002289
4.553216900110245
4.554421700000763
4.555881000041961
4.557166500091553
4.558637599945069
4.559991600036621
4.6438912999629975
4.645866600036621
4.820722100019455
4.830730600118637
4.843798000097275
4.851777400016784
4.8528991000652315
4.854128000020981
4.855365700006485
4.856706000089646
4.85803450012207
4.8594070000648495
4.861790400028228
4.864661999940872
4.86609700012207
4.867399500131607
4.86872620010376
4.870408100128174
4.872041100025177
4.87433780002594
4.876091099977494
4.883338400125504
4.884685600042343
4.886344399929047
4.888437700033188
4.928330800056457
4.929445800065994
4.930487800121307
4.931422399997711
4.9326368000507355
4.933754499912262
4.934834100008011
4.936019500017166
4.9379663000106815
4.939194499969482
4.94048609995842
4.9417207000255585
4.943014100074768
4.943807199954986
4.944589100122451
4.945357500076294
4.946137300014496
4.947049299955368
4.948765200138092
4.949741400003433
4.950730200052261
4.951636199951172
4.952742900133133
4.953746799945831
4.997185400009156
4.998560100078583
4.99983730006218
5.00115030002594
5.032347500085831
5.034041700124741
5.079117900133133
5.235714499950409
5.237243900060654
5.238921100139618
5.240562400102616
5.24255730009079
5.243960400104522
5.245796299934387
5.249001600027085
5.250545099973679
5.252364500045776
5.254793600082397
5.256818400144577
5.258296700000763
5.2597225000858305
5.26141890001297
5.263056499958038
5.2644367001056676
5.266001600027084
5.26755579996109
5.269002700090408
5.270354799985886
5.271757100105286
5.273239400148392
5.274587000131607
5.2760741000175475
5.277554500102997
5.278953500032425
5.2806509001255035
5.282022400140763
5.283404600143433
5.393365999937058
5.396441200017929
5.3993817000389095
5.403308399915695
5.408109499931335
5.419453999996185
5.421490499973297
5.4235183000564575
5.439468199968338
5.441590199947357
5.444404200077057
5.446508000135422
5.449822700023651
5.451835400104523
5.4535736000537876
5.45569989991188
5.457645499944687
5.45939510011673
5.461238800048828
5.4631851999759675
5.465125400066376
5.467124599933625
1.7701744000911712
1.7773925001621247
1.7860966999530792
1.7877876000404358
1.789249400138855
1.794595999956131
1.7993480999469758
1.8016351001262665
1.80312700009346
1.8044613001346588
1.8057778000831604
1.8069456000328064
1.808281599998474
1.8311414999961853
1.8336535000801086
1.8350601000785827
1.8372762999534606
1.8385900001525879
1.8400571999549866
1.9227263000011443
1.9240199000835418
1.9256886999607086
1.9419210000038147
1.9445954000949859
1.9695842001438142
1.9711226000785829
1.972632800102234
1.9740190000534057
1.9754857001304627
2.138531599998474
2.1426884000301363
2.146130900144577
2.14934650015831
2.1692167999744414
2.181045700073242
2.183479300022125
2.18633310008049
2.193256000041962
2.1952134001255037
2.1966898000240325
2.220795799970627
2.2248782000541687
2.2317504999637605
2.233745900154114
2.235442300081253
2.2884198999404908
2.2903624999523164
2.384417799949646
2.385575500011444
2.386864200115204
2.3882992000579835
2.389637300014496
2.3909377999305725
2.3925475001335146
2.393973200082779
2.3952216999530793
2.3964855999946595
2.3976442000865936
2.3986583001613617
2.3999119999408722
2.4011572000980377
2.454996299982071
2.456667000055313
2.4579358999729157
2.4594188001155852
2.4610608999729155
2.5298373000621797
2.530956400156021
2.5523951001167298
2.5540106999874115
2.55536360001564
2.5567037000656128
2.573173700094223
2.574547600030899
2.5758605999946593
2.5782460000514984
2.5795227999687196
2.580992500066757
2.5825090000629425
2.584402500152588
2.6759362001419067
2.684788100004196
2.6885362000465394
2.6961142001152036
2.714023600101471
2.745530200004578
2.77008060002327
2.8549821000099183
2.856563400030136
2.8577722001075743
2.8590631999969482
2.882204400062561
2.883975899934769
2.8858784000873565
2.888194900035858
2.8895362000465394
2.8909658000469207
2.8941846001148224
2.8959353001117707
2.8984265999794006
2.8999012999534606
2.9011279001235963
2.9029730000495912
2.9058835000991823
2.9079484000205995
2.9093194999694822
2.91099010014534
2.9131874001026152
2.9158926999568937
2.9173317000865935
2.918564300060272
2.919832200050354
2.9210736000537874
2.92250870013237
2.9237875001430513
2.9250252001285553
2.926112699985504
2.9272687001228332
2.9300004999637603
2.931138000011444
2.939527899980545
2.9507729001045226
2.953884099960327
2.95541370010376
2.9567365000247956
2.9580543999671938
2.9593717000484467
2.9607978999614715
2.9622925000190734
2.963704499959946
2.9671044001579285
2.968884900093079
3.0485434999465943
3.0556268000602724
3.0570302000045775
3.058098700046539
3.059531800031662
3.0632218999862673
3.064621500015259
3.0666165001392365
3.3063155000209807
3.3201107001304626
3.3225624001026155
3.4160604000091555
3.5571481001377108
3.786651200056076
3.788603399991989
3.790964499950409
3.793884299993515
3.7974203000068663
3.8223738000392915
3.8253552000522615
3.8273526000976563
3.8307476999759675
3.833381900072098
3.8477222001552582
3.8833010001182555
3.8846054000854493
3.8857130999565124
3.8868951001167296
3.888098799943924
3.889199800014496
3.89028870010376
3.8917026000022887
4.067501399993897
4.0717596001625065
4.416881099939347
4.545595600128173
4.699038300037384
4.706065600156784
4.70935739994049
4.710754400014877
4.781043499946594
4.783670599937439
4.785363399982453
4.786895699977875
4.849680299997329
5.149071700096131
5.150211300134659
5.15499329996109
5.166144900083542
5.167904700040817
5.1700973000526425
5.189427799940109
5.210709300041199
5.294860399961472
5.297339200019836
5.41932439994812
5.493681100130082
5.5533953001499174
5.554689300060272
5.564772000074386
5.739600500106811
5.822392500162125
5.844378600120544
5.845670000076294
5.882876399993896
5.884567500114441
5.895389300107956
5.896675500154495
5.897966400146484
5.899084100008011
5.922542799949646
5.923832800149918
5.925030800104142
5.926143900156021
5.927242399930954
5.928292400121689
5.9304088001251225
5.9519498000144955
5.953300300121307
5.965347000122071
6.41814829993248
8.340258599996567
8.492007800102234
8.493585400104523
8.795347300052644
8.796586899995804
9.700199200153351
9.703989300012589
9.707608799934388
9.711552500009537
9.715155300140381
10.138305999994278
10.141848099946976
10.14372720003128
10.1455367000103
10.147475800037384
10.149745500087738
10.152617599964142
10.154583500146867
10.158762700080871
10.161013100147247
10.163387300014495
10.16591620016098
10.173223299980164
10.174986999988556
10.176189399957657
10.179850199937821
10.181066300153732
10.182998500108718
10.183858600139619
10.184794300079346
10.185827899932862
10.186576300144196
10.18738220000267
10.188183099985123
10.189061000108719
10.189973400115967
10.19069720005989
10.191530600070953
10.192323600053788
10.193380000114441
10.195011800050736
10.235108900070191
10.236261700153351
10.237327899932861
10.238433500051498
10.239537100076676
10.24097049999237
10.242775599956513
10.244869699954986
10.246630200147628
10.248185899972915
10.249310899972915
10.250571799993516
10.251979099988937
10.326182199954987
10.32903970003128
10.33163639998436
10.334355800151824
10.33691589999199
10.339342600107193
10.342464100122452
10.345375600099564
10.348427500009537
10.351817600011826
10.353649700164794
10.35537230014801
10.357092700004578
10.358982900142669
10.360876100063324
10.362825000047684
10.365122200012207
10.368430700063705
10.370400099992752
10.373284100055695
10.3751140999794
10.376813100099564
10.378604099988937
10.380219799995423
10.381575799942016
10.382815799951553
10.384492900133132
10.385844599962235
10.387123700141906
10.388979799985886
10.390151800155639
11.394956500053405
11.396355000019074
2.865350399971008
2.8990973999500276
2.9003052999973296
2.903536299943924
2.9050399999618532
2.9626842000484466
3.0028763000965117
3.004335999965668
3.0057253999710083
3.0660643999576567
3.0677465000152586
3.1072971000671386
3.1315787999629974
3.1721157999038696
3.1802432000637055
3.1819100999832153
3.1834941999912263
3.1857969000339508
3.2619098999500276
3.2952713000774385
3.3078345000743865
3.3449180998802186
3.380650700092316
3.381943000078201
3.383448299884796
3.384817300081253
3.4228236000537873
3.423994299888611
3.425364799976349
3.504558000087738
3.505852299928665
3.5087335999011993
3.5397867999076844
3.6022542998790743
3.641504499912262
3.6428157000541685
3.6441401998996734
3.645580699920654
3.646970999956131
3.648270099878311
3.649464299917221
3.6713461999893187
3.672652400016785
3.6767483999729156
3.6786229000091555
3.679895699977875
3.7091649999618532
3.7113227999210356
3.7533032999038696
3.754843400001526
3.7599414999485017
3.7627349998950956
3.7645889999866484
3.7728608999252318
3.7745961999893187
3.7977404000759125
3.7991663999557495
3.800656100034714
3.8119240000247956
3.813459000110626
3.8358931999206543
4.064608299970627
4.146679500102997
4.161733000040054
4.176735800027847
4.178168299913406
4.180857399940491
4.1822242000103
4.18359450006485
4.184914099931717
4.186269299983978
4.188041199922561
4.222815700054169
4.2241967000961305
4.225572999954224
4.240545099973678
4.258557499885559
4.276967299938202
4.283600399971008
4.289614500045777
4.2910808000564575
4.292352200031281
4.317234400033951
4.318750200033188
4.3299214999675755
4.340445600032806
4.343346299886703
4.345988399982453
4.363606999874115
4.367525000095368
4.3708729000091555
4.373410000085831
4.376414599895477
4.3799367001056675
4.443703999996186
4.447508199930191
4.454236999988556
4.455665899991989
4.481328999996185
4.482721800088883
4.57420609998703
4.6852262001037595
4.691884999990463
4.6933436999320985
4.732351999998093
5.024159699916839
5.033933899879456
5.111211899995804
5.1246559000015255
5.127614700078964
5.129452699899674
5.13109500002861
5.14541269993782
5.147331599950791
5.171134900093079
5.173081199884415
5.187208699941635
5.191327300071716
5.192967099905014
5.194389100074768
5.197732599973679
5.198908999919891
5.200109699964523
5.201642600059509
5.303371799945832
5.321712399959564
5.328641499996185
5.342490400075913
5.35289359998703
5.355316900014877
5.370026400089264
5.382393800020218
5.385350500106812
5.38763170003891
5.389552900075913
5.391363300085068
5.392991800069809
5.395095499992371
5.39691890001297
5.3984721999168395
5.400242199897766
5.428531699895859
5.429864700078964
5.440972100019455
5.45005629992485
5.451337399959564
5.452788800001144
5.454357199907303
5.461029299974442
5.538885699987412
5.5403150000572206
5.541717700004577
5.548049999952316
5.584953799962998
5.586481299877167
5.587795300006866
6.347756099939346
6.393641200065613
6.396512500047684
6.47184400010109
6.565136199951172
6.5669549999237065
6.582572499990463
6.617679600000382
6.61891840004921
6.621135200023651
6.624130800008774
6.652761199951172
6.701974999904633
6.714631500005722
6.716450700044632
6.717855000019074
6.719111200094223
6.774444900035858
7.155041500091553
7.156604099988938
7.230496500015259
7.233316600084305
7.778052900075912
7.780459700107574
7.78177329993248
7.78294269990921
7.785553800106048
7.841756400108338
7.843151000022888
8.150697400093078
8.154975899934769
8.22638739991188
8.228127399921418
8.461458800077438
8.54392560005188
8.562160599946976
8.586348099946976
8.644672899961472
8.6476617000103
8.65891540002823
8.661977699995042
8.665263000011445
8.668190599918365
8.671046600103379
8.673855999946595
8.676575200080872
8.67955780005455
8.682446599960327
8.685560600042344
8.922729099988937
8.995625799894333
8.99782640004158
9.209235699892044
9.210732599973678
9.520461100101471
9.522078799962998
9.523475800037383
9.524815399885178
9.52614190006256
9.527876100063324
9.530443300008773
9.532273400068282
9.533798899888993
9.60368280005455
9.632894399881362
9.715770200014115
9.71763639998436
9.725494600057601
9.727035300016404
9.739286299943924
9.77454909992218
9.783185299873352
9.820492000102996
9.82220860004425
9.823808399915695
9.825302500009537
9.888108299970627
9.889942499876023
9.89138890004158
9.895209700107575
9.909566999912261
9.911501499891282
9.91521600008011
9.916862400054931
9.918769299983978
9.924110500097274
10.145839099884034
10.197313199996948
10.259399399995804
10.260852099895477
10.27949580001831
10.486481600046158
10.79362870001793
10.803654799938203
10.807395499944686
10.850937799930573
10.852436800003051
10.853932600021363
12.278776799917221
12.2849890999794
12.324577199935913
12.428711699962616
12.504345999956131
12.515305399894714
12.851147300004959
12.85408780002594
14.436226999998093
14.684957000017166
14.952216799974442
14.953440500020982
14.954588399887085
14.955813899993897
22.91677449989319
22.94234750008583
22.943927500009536
22.945314100027083
22.98566050004959
22.998223099946976
23.001223599910738
23.00368779993057
23.005069099903107
23.006632499933243
23.01563639998436
23.04675300002098
23.05384330010414
23.15759839987755
23.159407599925995
23.16166540002823
23.164962399959563
23.87675839996338
24.043117199897765
24.592435199975966
24.593724800109865
24.604283799886705
24.605474299907684
24.696729799985885
24.699513099908827
24.926830699920654
24.928236200094222
24.934063600063325
24.935788100004196
24.94244039988518
24.944581500053406
25.67288789987564
