3.4832453000545502
3.604201299905777
3.6212802999019624
4.405971800088882
4.412915100097656
4.414701800107956
4.627881099939346
4.6658612000942234
4.67148390007019
4.695351000070572
4.697760699987412
4.723467600107193
4.725458499908448
5.125191999912262
5.3350306000709535
5.4133536999225615
5.4160604000091555
5.417633100032806
5.41915280008316
5.4204739000797275
5.4260051000118255
5.427716799974442
5.429351300001144
5.431495199918747
5.432786499977111
5.43797469997406
6.0328246998786925
6.037694600105286
6.039329299926758
6.041551500082016
6.059310199975967
6.060779099941254
6.080127099990845
6.129572200059891
6.174503900051117
6.182227099895477
6.183407099962235
6.1854345998764035
6.189823499917984
6.19436980009079
6.195658799886703
6.197160700082779
6.265767800092697
6.2816219000816345
6.329114500045776
6.331281699895859
6.335316099882126
6.482968899965286
6.633741300106049
6.6357890000343325
6.640344099998474
6.644882499933243
6.735976999998092
6.737114799976349
6.73817980003357
6.740267199993133
6.741848399877548
6.743316600084305
6.744479099988937
6.745494400024414
6.747384900093079
6.846116499900818
6.847524899959565
6.848873300075531
6.850047699928283
6.864257299900055
6.869435600042343
6.886455399990082
6.951496900081635
7.022169899940491
7.024289400100708
7.345555000066757
7.34653819990158
7.3507748000621795
7.362445899963379
7.646142600059509
7.647950599908829
7.790396600008011
7.794805999994278
7.799436000108719
7.805032599925995
7.809170000076294
7.9583110001087185
7.998240099906921
8.077202199935913
8.847809400081635
8.918314100027084
9.10529340004921
9.116974499940872
9.122003799915314
9.174576699972153
9.189578399896622
9.402328999996186
9.436804100036621
9.448387099981307
9.45053920006752
9.521500600099564
9.723046000003814
9.829754100084305
9.901401200056076
9.903225800037385
9.90460890007019
9.905823600053788
9.90756450009346
9.910394799947738
9.921824800014496
9.923421200037003
9.931863399982452
9.934366400003434
9.93737249994278
9.942896500110626
9.944252300024033
9.978463900089263
10.024158400058747
10.046774899959564
10.157673899888993
10.15913120007515
10.160836600065231
10.190944900035857
10.202620500087738
10.208000499963761
10.336836499929428
10.424389699935913
10.444394500017166
10.47783109998703
11.210710299968719
11.224247099876404
11.284715199947357
11.290335299968719
11.300390399932862
11.306993400096893
11.312256599903106
11.320856299877168
11.328373300075532
11.448527199983596
12.266882899999619
12.27101909995079
12.274979799985886
12.309203299999236
12.351546799898147
12.410908200025558
12.517850300073624
12.521775700092316
12.526629299879074
12.530382400035858
12.535951699972152
12.540781300067902
12.55209249997139
12.56924480009079
12.571099100112916
12.591021800041199
12.59241770005226
12.600948600053787
12.602929899930954
12.609973500013352
12.61201909995079
12.61565249991417
12.618251300096512
12.61986360001564
12.621277999877929
12.62246950006485
12.623730299949646
12.625251399993896
12.627125
12.641099299907685
12.795455199956894
12.798299799919128
13.384065599918365
13.387098900079728
13.797733700037002
13.80032170009613
13.80291000008583
13.805706500053406
13.808267299890518
13.810949199914932
13.813550400018691
14.438432699918748
14.439564199924469
14.440657900094987
14.441778500080108
14.442884000062943
14.443957999944686
14.445066499948501
14.446100699901582
15.924510499954224
23.409511499881745
23.44695409989357
23.482408600091933
23.640421600103377
23.641866699934006
23.78031599998474
23.788845700025558
23.792062200069427
23.794550499916078
23.79713339996338
23.831933399915695
23.83782410001755
23.840098999977112
23.87257520008087
24.14905180001259
24.16071810007095
24.16231970000267
24.173676500082017
24.175393199920656
24.18535120010376
24.565490000009536
24.56807909989357
24.751075799942015
24.754352099895478
24.76604520010948
24.787249099969863
24.8114428999424
24.813364300012587
24.814953599929808
24.82109170007706
24.86380830001831
24.867023200035096
24.869031100034714
24.870759700059892
24.885728199958802
24.88762280011177
24.88951390004158
24.89591639995575
24.91235089993477
24.914730000019073
24.916545000076294
24.968052599906922
24.97662730002403
24.978197000026704
24.979621399879456
25.0915734000206
25.25866459989548
25.285027699947356
25.51204439997673
25.515004100084305
25.635017699956894
25.79261209988594
25.982077100038527
25.992530100107192
25.999305200099943
26.12058929991722
26.137963200092315
26.166659399986266
26.189027499914168
26.21624699997902
26.22739610004425
26.2339944999218
26.23672720003128
26.23933529996872
26.273904400110244
26.27788639998436
26.415111500024796
26.4221835000515
26.430703299999237
26.43727999997139
26.482758899927138
26.603045500040054
26.73532150006294
26.757152800083162
26.762326100111007
26.768824100017547
26.774838000059127
26.78024429988861
26.78956839990616
26.792176500082014
26.794879999876024
26.80250909996033
26.80801119995117
26.847219000101088
26.883380800008773
26.89956049990654
26.990712500095366
26.9932281999588
26.995690099954604
27.02772639989853
27.12942210006714
27.39211630010605
27.41077480006218
27.4264851000309
27.45547370004654
27.470264499902726
27.493121700048448
27.51016389989853
27.5197946999073
27.749932699918748
27.816234800100325
27.894172699928284
27.898233200073243
28.668081599950792
28.953123600006105
28.960483999967575
30.530732100009917
33.82593120002747
33.88728620004654
35.329791100025176
35.336375900030134
35.34221040010452
35.3462920999527
35.350653199911115
35.357195499897
1.6191057999134064
1.6307361998558045
1.6318650000095367
1.6329684998989105
1.6343743000030517
1.6356301999092102
1.7059553999900818
1.7073855998516083
1.7089344999790193
1.7103297998905183
1.7114990999698638
1.7126510999202729
1.71408109998703
1.7152551000118255
1.716440299987793
1.7175880999565125
1.7189415998458861
1.720159600019455
1.7212675998210907
1.726285399913788
2.3646542999744415
2.3882232999801634
2.389374799966812
2.406880599975586
2.4079563999176026
2.601901999950409
2.603156699895859
2.6044463000297546
2.609932299852371
2.6113139998912813
2.6186970000267027
2.620057299852371
2.6850239000320433
2.6916260998249055
2.696320899963379
2.6994236998558043
2.7007716999053955
2.7025351998805998
2.703784399986267
2.7054240000247955
2.706753399848938
2.7080523998737336
2.712124699831009
2.715935699939728
2.717231999874115
2.721008199930191
2.7231888999938967
2.7352860000133514
2.736574699878693
2.737931599855423
2.7544435999393464
2.7558308000564575
2.8139164998531343
2.9101452000141146
2.9233150000572206
2.9244637999534606
2.9255295000076296
3.0436576998233793
3.0451922998428347
3.0630730998516085
3.0646949999332427
3.0659498999118804
3.067342299938202
3.0888887000083924
3.090220799922943
3.091637099981308
3.1013828999996185
3.104638700008392
3.106068799972534
3.1075734000205992
3.1088241000175474
3.110066599845886
3.1127848999500274
3.217088199853897
3.2185564999580385
3.220059900045395
3.2874220998287202
3.288713000059128
3.3076278998851776
3.3087711000442503
3.3099186999797823
3.323856999874115
3.3272753999233244
3.3296624999046327
3.334446499824524
3.3370407998561857
3.3400560998916626
3.342165400028229
3.343254400014877
3.3444853999614716
3.348743899822235
3.3500130000114443
3.3512575998306273
3.35245609998703
3.353336499929428
3.3544026000499727
3.356281499862671
3.358829200029373
3.3771775000095365
3.3789092998504637
3.380302000045776
3.625528100013733
3.6422560999393463
3.6508473999500275
3.6527461998462676
4.048837399959564
4.051302399873734
4.052590600013733
4.053947099924088
4.05541069984436
4.0587995998859405
4.060290299892426
4.061466899871826
4.1258265998363495
4.342651499986649
4.7797825000286105
4.8311675999164585
4.836894199848175
5.337003900051117
5.340082499980927
5.341940899848938
5.439019199848175
5.534018300056458
5.5366273000240325
5.548988999843598
5.643290799856186
5.644761699914932
5.7178215999603275
5.719351599931717
5.746894599914551
5.748346400022506
5.749872099876404
5.803235899925232
5.804624599933624
5.8057829999923705
5.8068529999256135
5.807969399929046
6.05423409986496
6.083362099885941
6.085077399969101
6.092406899929046
6.511913599967957
6.514957399845123
6.5500065999031065
6.5514468998909
6.552564100027085
6.58471749997139
6.586384099960327
6.769534199953079
6.861950000047684
7.596732399940491
7.599340299844742
7.6008306000232695
10.553339400053025
10.554726399898529
10.556061899900437
10.557230299949646
10.558501399993897
10.55970659995079
10.5866859998703
10.588246700048447
10.589798499822617
10.591349499940872
10.59284249997139
11.722365399837495
11.727166599988937
11.728756000041962
11.73030830001831
11.731821199893952
11.733140899896622
11.734618899822236
11.735942100048065
21.92185570001602
21.926732100009918
21.942470900058748
21.945478499889372
21.949785599946974
21.951453799962998
21.982107399940492
21.984118599891662
21.985562099933624
21.987171000003816
21.989205699920653
21.99106049990654
21.99254239988327
21.9942648999691
21.99580869984627
22.156062299966813
22.159219599962235
22.162630100011825
22.913803400039672
22.956835000038147
22.9745202999115
22.981085399866103
23.014883299827577
23.01679009985924
23.01809669995308
23.019420799970625
23.02077110004425
23.203531599998474
23.21598559999466
23.21885069990158
23.220940099954603
23.223007999897003
23.225582499980927
23.22759699988365
23.229195799827576
23.231383499860762
23.26543429994583
23.26673169994354
23.268234299898147
23.269683899879457
23.27086179995537
23.271850600004196
23.272892499923707
23.274017299890517
23.27533999991417
23.326440799951552
23.33619319987297
23.34775279998779
23.35088469982147
23.35377929997444
23.357020099878312
23.36001929998398
23.36317459988594
23.366427899837493
23.3699835999012
23.37557019996643
23.386989699840544
23.447623800039292
23.515450500011443
23.517909100055693
23.572984200000764
23.76143529987335
23.764329200029373
23.770708899974824
24.01427509999275
24.044073499917985
24.239102999925613
24.243053599834443
24.24581970000267
24.248279599905015
24.251145699977876
24.253846400022507
24.25661509990692
24.259450299978255
24.279944299936293
24.30319619989395
24.30466589999199
24.319379499912262
24.341401700019837
24.380198799848557
24.489305699825287
24.492537299871444
24.511154700040816
24.52391139984131
24.525868199825286
24.554315799951553
24.579298399925232
24.592884799957275
24.615705999851226
24.61774799990654
24.62928769993782
24.680482699871064
24.695511199951174
24.720945299863814
24.78781869983673
24.789033599853514
24.92256399989128
25.003593099832536
25.053374099969865
25.13617309999466
25.141962599992752
25.168283900022505
25.171966599941253
25.200827499866485
25.2018789999485
25.20365179991722
25.20725720000267
25.208656899929046
25.21022720003128
25.212236500024794
25.241750099897384
25.245365200042723
25.250923799991607
25.25421650004387
25.255612999916078
25.257120499849318
25.258911599874498
25.27440179991722
25.344145900011064
25.411389199972152
25.423168799877168
25.637367100000382
25.638644399881365
25.640011800050736
25.64118379998207
25.64226929998398
26.036790299892427
27.167914499998094
1.6810085999965667
1.857850499868393
1.859177299976349
1.8603230998516083
1.8618389999866485
1.8832865998744965
1.8850515999794006
1.9268039000034332
1.9299881999492645
1.9317890999317169
1.9339961998462678
2.015239599943161
2.1284790999889376
2.157410399913788
2.3952366998195647
2.514951499938965
3.2836136999130248
3.366404599905014
3.3884368999004364
3.3906861000061035
3.428923799991608
3.4972786998748777
3.5002114000320437
3.501672299861908
3.5031187999248505
3.7625657999515534
3.8036023998260498
3.8057558999061585
3.823543699979782
3.93179709982872
3.9459868998527527
4.006782099962234
4.044173799991608
4.045727200031281
4.046889899969101
4.102958400011063
4.106063199996949
4.108893199920654
4.111705299854279
4.114593499898911
4.117558899879455
4.120509099960327
4.123844199895859
4.128513599872589
4.132649199962616
4.134428999900818
4.136088899850845
4.137351500034332
4.138541999816894
4.139724499940872
4.140782299995422
4.142119099855423
4.143502300024033
4.356321399927139
4.376918200016021
4.384020699977874
4.662639600038529
4.715383999824524
4.717218299865722
4.775178099870682
4.821638599872589
4.823012300014496
4.859091500043869
4.861661999940872
4.865792899847031
4.943145200014114
5.034822799921036
5.088809200048447
5.090315799951553
5.122414499998093
5.137086400032043
5.158340800046921
5.1610636999607085
5.182548899888992
5.187804999828338
5.190223399877548
5.201441999912262
5.231517599821091
5.234937199831009
5.236389299869537
5.250811499834061
5.324626600027084
5.349909999847412
5.433886600017548
5.435418400049209
5.46821379995346
5.475473099946976
5.678173199892044
5.679780400037766
5.695535399913788
5.711792599916458
5.716832200050354
5.735998100042343
5.754393699884415
5.762671999931335
5.766487900018692
5.767749500036239
5.768939199924469
5.770204599857331
5.784583999872208
5.822787099838257
5.835594799995422
5.843562399864196
5.84477530002594
5.845977699995041
5.847348999977112
5.852989899873734
5.85435389995575
5.855531100034714
5.862744099855423
5.864038399934769
5.865247200012207
5.866349900007248
5.867447999954224
5.868503700017929
5.905552399873733
5.907118599891662
5.9084543998241426
5.909842399835586
5.971544999837875
5.973727299928665
5.975994799852371
5.977619499921799
5.97922019982338
5.98053970003128
5.9829210999011995
5.984512500047684
5.986161499977112
5.98899079990387
6.289607899904251
6.30703719997406
6.652419699907303
6.654151999950409
6.7049984998703005
6.707010999917984
6.70857439994812
6.818177799940109
6.892211899995804
6.895290699958801
6.897934700012207
6.907784099817276
6.910621700048447
6.913219399929047
7.141789399862289
7.293098000049591
7.807433699846268
7.811656699895859
7.931158099889755
7.969425400018692
7.970744099855423
7.972913199901581
8.219928499937058
8.222511299848556
8.226106099843978
8.540898699998856
8.601765699863433
8.7456085999012
9.7742484998703
22.427754600048065
22.433063400030136
22.434451499938966
22.43591089987755
22.438109499931336
22.488225299835204
22.491572000026704
22.494394299983977
22.505890699863436
22.508560600042344
22.51289459991455
22.515682799816133
22.517715100049973
22.52896569991112
22.53160019993782
22.53374919986725
22.597107100009918
22.614441900014878
22.63386759996414
22.635939599990845
22.63774079990387
22.638995599985122
22.64017159986496
22.641204599857332
22.642453299999236
22.643416699886323
22.644504099845886
22.65027760004997
22.65194409990311
22.656663100004195
22.65795910000801
22.659068399906158
22.66010839986801
22.661101799964904
22.66296249985695
22.66473639988899
22.667002699851988
22.668691099882125
22.670358700037003
22.671917500019074
22.710225499868393
22.739191099882127
22.747836699962615
22.7495039999485
22.751125
22.75250279998779
22.75378169989586
22.75512369990349
22.756593400001528
22.757912299871446
22.759651099920273
22.76322759985924
22.76526020002365
22.781363699913026
22.782847100019456
22.783757099866868
22.795453699827195
22.796585899829864
22.797807899951934
22.798891299962996
22.80001359987259
22.801121700048448
22.80252009987831
22.803422999858856
22.80422399997711
22.805177599906923
22.806218400001526
22.80716050004959
22.808176699876785
22.809364599943162
22.810402699947357
22.90565419983864
22.960483700037003
22.963946099996566
22.96830999994278
22.970376899957657
22.9724101998806
22.978670199871065
22.984935799837114
22.988767899990084
22.991516000032426
22.994100899934768
22.996288599967958
22.998985399961473
23.00093799996376
23.002833199977875
23.006050999879836
23.007794299840928
23.009312899827957
23.01066240000725
23.012269899845123
23.01359719991684
23.016083699941635
23.01732559990883
23.018369699954988
23.019272699832918
23.020082499980926
23.02113929986954
23.022266000032424
23.111130599975585
23.11466149997711
23.117247699975966
23.119213500022887
23.121907699823378
23.124347300052644
23.12676069998741
23.12940400004387
23.13278269982338
23.135717900037765
23.137941400051115
23.172126799821854
23.204591599941253
23.390766999959947
23.39597639989853
23.839226599931717
23.84033209991455
23.84115599989891
23.844135999917984
23.84508529996872
23.84596369981766
23.851510799884796
23.857705499887466
23.859077999830244
23.860310699939728
23.880653699874877
23.8823789999485
23.883841699838637
23.885049700021742
23.88596499991417
23.887004099845885
23.888670599937438
23.890194099903105
23.891554199934006
23.89304009985924
23.898320699930192
23.900557499885558
23.902665799856187
23.910101699829102
24.036005899906158
24.039558699846268
24.153294100046157
25.03260099983215
2.9139743001461027
2.916897500038147
2.918400399923325
2.92034450006485
2.9216294000148775
2.9231751000881196
2.9246280999183654
2.926307699918747
2.9277994999885557
2.929218300104141
2.9325654001235963
2.9339091000556947
2.935287899971008
2.936746999979019
2.9952999000549316
3.0265561001300814
3.0668345999717714
3.0933754000663756
3.102758599996567
3.1238847999572754
3.1257093000411986
3.1753926999568938
3.1768213000297547
3.2405413999557493
3.312271899938583
3.325407200098038
3.3510424001216887
3.357298900127411
3.3884808001518247
3.3899514000415802
3.3914444999694826
3.3928517000675202
3.394228800058365
3.4394154999256132
3.4405859999656676
3.4416784999370575
3.613680999994278
3.6150369000434877
3.6163673000335694
3.6176913001537323
3.6189699001312254
3.620075200080872
3.6568171999454497
3.6581530001163483
3.6594072999954226
3.6608015999794006
3.6625088000297548
3.6639442000389097
3.6877736999988557
3.6892671999931337
3.6932529001235963
3.6948133001327514
3.696242700099945
3.718185899972916
3.7257571001052856
3.727542999982834
3.732364200115204
3.7336883001327514
3.7698947999477386
3.7714349999427794
3.7729469001293183
3.7916809000968934
3.792925199985504
3.7942764999866485
3.7956189000606537
3.796917999982834
3.7981911001205444
3.814390300035477
3.8157199001312256
3.8524744000434876
3.854099300146103
3.8554783000946045
3.860491400003433
3.8617987999916075
3.8631323001384734
3.991580899953842
4.634065099954605
4.749165300130844
5.021421800136566
5.024191100120545
5.027458400011063
5.030217700004577
5.180375699996948
5.203799400091171
5.205222800016403
5.358382499933243
5.369476400136947
5.371909899950028
5.38520140004158
5.387964100122452
5.398988500118255
5.415198199987412
5.41807840013504
5.423089299917221
5.4325889000892635
5.435223400115967
5.438114700078964
5.440841200113296
5.44221060013771
5.443736500024795
5.44512450003624
5.446456200122833
5.447846699953079
5.457648699998855
5.458900500059128
5.460320800065994
5.461664700031281
5.462707700014114
5.463924299955368
5.465047300100326
5.466176700115204
5.4674574999809264
5.468658299922943
5.469908299922943
5.471026099920273
5.472443099975586
5.473743700027466
5.4750931000709535
5.4771322000026705
5.478545599937439
5.47995560002327
5.48107640004158
5.482569299936294
5.5365032000541685
5.540915899991989
5.543869600057602
5.545162400007248
5.546494899988175
5.548368400096893
5.549580399990082
5.551437099933624
5.552799299955368
5.554008199930191
5.55545309996605
5.556906800031662
5.558164600133896
5.581294899940491
5.6037362000942235
5.605048300027847
5.641486500024795
5.666995700120926
5.925277600049973
6.355056999921799
6.363439199924469
6.366356699943543
6.3691367001533505
6.371811700105667
6.377567700147629
6.3808048000335695
6.383851599931717
6.386561100006103
6.399320500135421
6.407658400058747
6.796007899999618
6.799713900089264
6.80285170006752
6.806217200040817
6.9269158999919895
6.930925699949264
7.1084801001548765
7.6259880001544955
7.629588700056076
7.6317014999389645
7.734083600044251
7.776128299951553
7.777655800104141
7.780535700082779
7.7979038000106815
7.8288647999763485
7.830651200056076
7.85840750002861
7.866379899978638
7.902265399932861
7.965685699939728
7.966773400068283
8.184468800067902
8.185996700048447
8.187378600120544
8.189016299962997
8.238133300065995
8.239717900037766
8.241038300037385
8.243002200126648
8.24614210009575
8.297410000085831
8.298635800123215
8.501871799945832
8.534199599981308
8.53778250002861
8.54116420006752
8.544820899963378
8.578556900024415
8.579900500059129
8.583523400068284
8.58478100013733
8.585771500110626
8.586802099943162
8.58791840004921
8.594513200044632
8.598894000053406
8.60038220000267
8.907613899946213
8.939298900127412
8.940825299978256
8.972489300012588
8.975144299983977
8.977019299983978
8.979806999921799
8.98172589993477
9.012144000053405
9.06095090007782
9.064553499937057
9.066835200071335
9.06901960015297
9.07130110001564
9.073407999992371
9.07771230006218
9.080682300090789
9.096453799962998
9.133412800073623
9.266501100063325
9.268488300085068
9.269878600120544
9.271166599988938
9.272463999986648
9.27374530005455
9.27508949995041
9.321558799982071
9.322881900072097
9.324218899965286
9.531917000055314
9.53360640001297
9.535713700056077
9.537053699970246
9.551989799976349
9.558930400133132
9.56532139992714
9.568063400030136
9.571768199920655
9.573435600042343
9.574812200069427
9.676850000143052
9.682857599973678
9.732097800016403
9.742084700107574
9.743700200080871
9.749290899991989
9.750864300012589
9.75891420006752
9.770177400112152
9.799227600097657
10.16238000011444
10.168179100036621
10.17852010011673
10.267444600105286
10.270650099992752
10.273312700033188
10.2761289999485
10.277799600124359
10.296411600112915
10.305003900051117
10.425489300012588
10.480331500053406
10.482229300022125
10.49869620013237
10.70638840007782
10.777402500152588
10.778826300144196
10.780315299987793
10.781628600120545
10.783453799962997
10.785136600017548
10.787443300008773
10.788720200061798
10.790057899951934
10.791489700078964
10.793059700012208
10.795801900148392
12.71367210006714
13.8723125
13.874452000141144
13.908242200136185
14.23934299993515
14.663476099967957
14.666358099937439
15.049481500148774
15.056347800016404
15.059248199939727
15.272795300006866
15.291126399993896
15.29373959994316
15.299403399944305
22.914959000110628
22.933191300153734
