3.942165100097656
3.976739599943161
3.9979437999725342
4.002155900001526
4.004469300031662
4.007450099945069
4.013453999996186
4.017604700088501
4.184721999883652
4.222813999891281
4.224773000001908
4.227297100067139
4.30167610001564
4.346569400072098
4.400043600082397
4.469977400064469
4.487998199939728
4.497675899982452
4.854038899898529
4.86101859998703
4.895559299945831
4.896924200057984
4.905087699890137
4.961284100055694
5.1013685998916625
5.146040800094604
5.168830100059509
5.172411799907684
5.1738419001102445
5.176033499956131
5.178060400009155
5.204744600057602
5.208919800043106
5.214144299983978
5.216232199907303
5.221204499959946
5.224505899906158
5.231120199918747
5.238749000072479
5.245017199993134
5.248334000110626
5.282924999952316
5.288981499910355
5.290450999975205
5.292862800121307
5.4141217000484465
5.41587719988823
5.497179199934005
5.582797899961472
5.5882116000652315
5.590125400066376
5.640158499956131
5.690983000040054
5.692291399955749
5.812549499988556
5.88024329996109
5.881851700067521
5.883110500097275
5.884578500032425
5.885764499902725
5.886823499917984
5.8880645999908445
5.936974299907685
5.938788399934769
5.940981100082397
5.942926700115204
5.98026859998703
5.981893199920655
5.98379809999466
5.985236000061035
5.986505800008774
5.988011600017548
5.9893203999996185
5.990660799980164
5.992267299890518
6.071038800001144
6.3038315000534055
6.3074484000206
6.312974499940872
6.324849200010299
6.327506299972534
6.329861299991608
6.337722300052643
6.339481600046158
6.341065999984742
6.342364599943161
6.393826200008393
6.39723040008545
6.399967099905014
6.5040792000293735
7.110827199935913
7.1122304000854495
7.113901900053024
7.116813400030136
7.118404200077057
7.155040899991989
7.226679300069809
7.31930529999733
7.378957999944687
7.380626100063324
7.769248800039291
7.776153399944305
7.8751549999713895
7.877038399934769
7.881235300064087
8.188754400014878
8.208526700019837
8.278443500041961
8.774459599971772
8.793360399961472
8.87715249991417
8.878984800100326
9.297728800058366
9.47490599989891
9.477900799989701
9.481307899951934
9.48348709988594
9.487738300085068
9.489635799884796
9.491036299943923
9.492489300012588
9.49410890007019
9.497383100032806
9.49957640004158
9.508216399908067
9.510071099996567
9.711852299928665
9.777159600019456
9.778814300060272
9.781538100004196
9.783247699975968
11.726423199892045
11.727962399959564
12.382189100027084
12.384236299991608
12.385953999996186
12.387202600002288
12.389274899959565
12.413215300083161
12.414704400062561
12.416510799884795
12.418782599925995
12.420700599908828
12.422018199920654
12.424108299970626
12.4259265999794
12.429654900074006
12.431333300113678
12.433158400058746
12.434799499988555
12.436371799945832
12.437622400045395
12.438833199977875
12.440291500091552
12.470023499965668
12.481828900098801
12.503165800094605
12.511110300064088
13.370064899921417
13.374522200107574
13.37940030002594
13.387431900024414
15.962669199943543
15.964661200046539
15.966885099887849
15.968878799915315
15.970954799890519
15.973213000059127
15.975373500108718
15.97785689997673
15.979576699972153
15.98136209988594
23.053615700006485
23.05768129992485
23.132387000083924
23.23595690011978
23.23752780008316
23.240605799913407
23.24246350002289
23.243755800008774
23.24498889994621
23.246387500047685
23.247711199998857
23.248971699953078
23.25032780003548
23.344422499895096
23.3935460999012
23.403550199985503
23.447121099948884
23.529844599962235
23.535804399967194
23.541147399902343
23.548581700086594
23.553072099924087
23.560262799978258
23.563260200023652
23.566505300045012
23.569099299907684
23.571973599910738
23.574469899892808
23.57756870007515
23.579966200113297
23.582943599939345
23.608686199903488
23.83857610011101
23.899901499986647
23.904565299987794
24.295991899967195
24.328960099935532
24.33768449997902
24.35614240002632
24.36731500005722
24.430427900075912
24.522812900066377
24.563166199922563
24.573403000116347
24.577126100063325
24.635835000038146
24.637768500089646
24.644472899913787
24.646367500066756
24.64821250009537
24.67107990002632
24.673834700107573
24.676178200006486
24.679702399969102
24.68210710000992
24.739042900085447
24.76354320001602
24.76556500005722
24.767367199897766
24.76899379992485
24.77131669998169
24.773537899971007
24.79767680001259
24.833226999998093
24.836852499961854
24.891798000097275
24.920626600027084
25.062594300031662
25.23948790001869
25.247135999917983
25.2589835999012
25.26616589999199
25.287700000047685
25.55931469988823
25.566611200094222
25.596888799905777
25.599072499990463
25.605526000022888
25.638005100011824
25.657892499923705
25.660069000005723
25.67665380001068
25.712834199905394
25.889517199993133
25.90565030002594
25.918119499921797
25.92945370006561
25.97206570005417
25.988457700014113
26.00310590004921
26.005234499931337
26.006864300012587
26.023157200098037
26.049992199897765
26.05206349992752
26.2650297999382
26.321324300050737
26.47475869989395
26.483328500032425
26.55889159989357
26.57804169988632
26.653944700002672
26.671615000009538
26.673540499925615
26.68034249997139
26.743888499975206
26.75165899991989
26.79959430003166
26.892989300012587
27.023200500011445
27.03041589999199
27.03559319996834
27.090446300029754
27.182290600061418
27.189984100103377
27.276127599954606
27.2892718000412
28.447221299886703
29.647123600006104
30.166851900100706
30.50365869998932
30.673312400102617
31.19176110005379
31.200357000112533
31.22223009991646
32.217894000053406
32.22913650012016
32.23805069994926
2.637505599975586
2.6395332000255585
2.640899500131607
2.643109500169754
2.644274399995804
2.6505906000137327
2.6517782001495362
2.6529701001644135
2.666608600139618
2.670641499996185
2.6719053001403807
2.6731145000457763
2.674422800064087
2.675531200170517
2.6775979001522066
2.678730499982834
2.679897500038147
2.6810650999546053
2.6821505999565125
2.683203099966049
2.6843647999763487
2.688472200155258
2.6903382999897003
2.691648499965668
2.6942201001644133
2.6961798000335695
2.6990192999839784
2.700238500118256
2.701456300020218
2.707201499938965
2.737207200050354
2.738347300052643
2.9315341000556945
3.261857100009918
3.2652776000499726
3.2747982001304625
3.2776965999603274
3.2803951001167295
3.2997281000614165
3.3010880999565124
3.3060620000362397
3.3272973001003265
3.3305636999607087
3.376452200174332
3.378468500137329
3.3891010999679567
3.4578101000785826
3.4905276000499725
3.4935276999473572
3.4979374001026153
3.5013492000102997
3.5082699999809264
3.520836800098419
3.5233445999622344
3.5253479001522066
3.527299700021744
3.5311927001476286
3.5334762001037596
3.538187700033188
3.5396198999881743
3.5416986000537873
4.374035000085831
4.426195000171662
4.427443900108337
4.42880980014801
4.475338200092316
4.478371299982071
4.481416800022125
4.484205700159073
4.486916800022125
4.489952399969101
4.492785500049591
4.523401499986648
4.54861779999733
4.558660500049591
4.633672399997711
4.636798799991608
4.641335200071335
4.699303200006485
4.710403900146485
4.722178200006485
4.730307899951935
4.763534600019455
4.776512099981308
4.778297899961472
4.78286779999733
4.916009200096131
4.91754540014267
4.925797700166703
5.1045868999958035
5.106054300069809
5.128768200159073
5.130490000009536
5.131848900079727
5.133241100072861
5.134544899940491
5.176851300001144
5.178312700033188
5.179905400037765
5.181653100013733
5.213611600160599
5.215397000074387
5.2318447999954225
5.239336699962616
5.240642899990082
5.242072999954224
5.243546300172806
5.24479590010643
5.2709163000583645
5.272593500137329
5.273780500173569
5.2749872000217435
5.279938899993897
5.281427099943161
5.282742300033569
5.2839718000888825
5.286068599939346
5.311532099962235
5.315436900138855
5.3167734999656675
5.318021600008011
5.31928719997406
5.320524700164795
5.322167200088501
5.323484800100326
5.402296600103378
5.404444300174713
5.406637599945069
5.513037300109863
5.654928600072861
5.6562564001083375
5.657445300102234
5.658642199993134
5.659754899978638
5.660834500074387
5.662168200016022
5.663482399940491
5.664744500160217
5.666558500051498
5.680350000143052
5.68267359995842
5.684205800056458
5.685488000154495
5.686746500015259
5.687948800086975
5.689038400173187
5.6900743000507354
5.691286200046539
5.692486400127411
5.693717100143433
5.767552099943161
5.921975600004196
6.040389100074768
6.068557500123978
6.391509400129318
6.395444600105286
6.397342900037765
6.403185899972915
6.703928699970246
6.705240400075913
6.706683099985122
7.001816400051117
7.060460000038147
7.062159100055695
7.072553600072861
7.073927099943161
7.075730200052261
7.0770807001590725
7.140319900035858
7.14199530005455
7.143310699939728
7.144468899965286
7.146367100000382
7.148068400144577
7.149492900133133
7.151733299970627
7.153120100021362
7.154433500051498
7.277583899974823
7.282185400009156
7.2832871000766755
7.316727300167083
7.3179151000976566
7.328580399990082
7.348092800140381
7.349548099994659
7.350893800020218
7.35240330004692
7.353697499990464
7.355126199960709
7.357614400148392
7.3905231001377105
7.391793800115585
7.920129300117493
7.921685800075531
7.9238015999794005
7.925203099966049
7.927182500123978
7.928576699972153
7.93028870010376
7.931920099973679
7.953003700017929
7.9543563001155855
7.955737800121307
7.957118499994278
7.958386000156403
7.959642899990082
7.961204300165177
7.962518300056457
7.963890100002289
7.965190200090408
7.966877500057221
7.967897400140762
7.968958400011062
7.970362499952317
7.971718199968338
7.972854799985885
7.974143399953842
7.975309499979019
7.976464600086212
7.977555600166321
7.978647799968719
9.096614900112153
9.09934650015831
22.721122699975968
22.78146430015564
22.78271430015564
22.783996200084687
22.785212900161742
22.78635389995575
22.787446300029753
22.78838180017471
22.789595400094985
22.819685899972917
22.821743200063704
22.823042099952698
22.882660799980165
23.124265000104906
23.12524550008774
23.63724180006981
23.88261090016365
23.886922700166703
23.90013000011444
23.902597100019456
23.90894920015335
23.911636800050736
23.91547790002823
23.922180400133133
23.92371670007706
24.104042299985885
24.10732760000229
24.110483800172805
24.113305999994278
24.11643029999733
24.150549400091172
24.15237530016899
24.153970400094988
24.155617500066757
24.157558900117873
24.24801470017433
24.484700600147246
24.496641800165175
24.498868000030516
24.50053080010414
24.652667299985886
24.788337100028993
24.790388299942016
25.022281599998475
25.02513339996338
25.041588099956513
25.04569250011444
25.086387799978255
25.09073210000992
25.45409420013428
25.88925200009346
26.70675740003586
29.86424279999733
29.869857000112532
29.872395900011064
29.875228000164032
29.879934600114822
29.885517300128935
29.888056300163267
29.890785300016404
29.894505000114442
29.900137500047684
29.90271010017395
29.907256800174714
29.909074800014494
29.911239599943162
29.914565600156784
29.917461199998854
29.921335200071336
29.92288370013237
29.92488540005684
29.92645710015297
29.930269500017165
29.93197370004654
30.027002900123595
30.032287800073625
4.163168499946594
4.179627799987793
4.197096299886703
4.20291219997406
7.6405276999473575
7.651449700117111
7.661506299972534
7.663054399967193
7.6643638999462125
8.50007470011711
9.016717600107192
9.664756099939346
9.666878799915313
9.695920799970628
9.697969099998474
9.733928600072861
9.73559969997406
9.737157200098038
9.738580499887467
9.740316400051118
9.74248309993744
9.745190099954606
9.747143699884415
9.749035900115967
9.750706399917602
9.752121000051499
10.58119250011444
10.586526799917221
10.58954940009117
10.59343549990654
11.37277410006523
11.378844300031663
11.381484400033951
13.147732000112534
13.165681699991227
13.197478800058365
13.200495399951935
13.203660399913788
13.2068585999012
13.21045090007782
13.211624599933625
13.212959000110626
13.214486999988555
13.228203000068664
13.229761300086976
13.231237699985504
13.232529000043868
13.234065399885178
13.235489500045777
13.236926199913025
13.344234200000763
13.379456799983979
13.449361399888993
13.454321599960327
13.488576200008392
13.496505599975587
13.517499700069427
13.52098460006714
13.522629600048065
13.542512000083923
13.544300800085068
13.54574379992485
13.547124799966813
13.549082200050353
13.550810400009155
13.552329900026322
13.55392560005188
13.65051979994774
13.65461929988861
13.658823999881744
13.66287700009346
13.671629499912262
13.675023099899292
13.678511800050735
13.681861799955367
13.724098900079728
13.725361700057983
13.726642100095749
13.727801000118255
13.742213700056077
13.74359349989891
13.744961400032043
13.768752399921418
13.771140000104904
13.77286910009384
13.774398499965669
13.775728499889373
13.785921099901199
13.804937700033188
13.80635989999771
13.807822599887848
13.809171600103378
13.830198100090026
13.831534300088883
13.832886199951172
13.834134900093078
16.053634599924088
16.069516000032426
16.086855000019074
16.08832270002365
16.09892589998245
16.10038070011139
16.103398200035095
16.9037813000679
16.905210500001907
16.90820429992676
16.91027349996567
16.912407599925995
16.913708800077437
16.915085500001908
16.920254899978637
16.921367000102997
16.922310100078583
16.923230299949648
16.92499329996109
16.926877099990843
16.932975100040437
16.93414190006256
16.935034399986268
16.94025620007515
16.941882600069047
16.94324329996109
16.94478719997406
16.946036600112915
16.947022000074387
17.120965199947356
17.123298500061036
17.12502130007744
17.149733200073243
17.151320100069047
17.15326040005684
17.15478369998932
17.171781100034714
17.173307699918748
17.178306699991225
17.183915699958803
17.18567689990997
17.234741499900817
17.23619740009308
17.264253000020982
17.266884099960325
17.26847600007057
17.2800515999794
17.28130290007591
17.28250430011749
17.283843899965287
17.285198299884797
17.286418100118638
17.28757979989052
17.288986500024794
17.29028320002556
17.375937700033187
17.377192399978636
17.380525399923325
17.41408249998093
17.428201999902726
17.458620899915694
17.545953000068664
17.547328799962997
17.57077749991417
17.57765229988098
17.592298199892046
17.594159100055695
17.595693799972533
17.599749900102616
17.60144320011139
17.603984999895097
17.60550650000572
17.606788800001144
17.626418100118638
17.62801929998398
17.62936879992485
22.145999099969863
22.147193900108338
22.148538800001145
22.153709700107573
22.155181299924852
22.156519000053407
22.15763289999962
22.158872900009154
22.175173899888993
22.176717000007628
22.181056400060655
22.18246779990196
22.184061300039293
22.186154000043867
22.452621099948882
22.454766999959947
22.46233579993248
22.46406399989128
22.465812400102614
22.46788070011139
22.469453900098802
22.472306499958037
22.491644700050355
22.60008780002594
22.645712699890137
22.647376100063322
22.64942090010643
22.652103199958802
22.67672099995613
22.6817539999485
22.695129300117493
22.710580199956894
22.723705300092696
22.731852999925614
22.754011699914933
22.755276599884034
22.756295000076292
22.757355499982832
22.758410799980165
22.759582299947738
22.768584700107574
22.786481800079347
22.794277100086212
22.795734299898147
22.80788689994812
22.810366100072862
22.911479899883272
22.91327819991112
22.91450289988518
23.07107319998741
23.094476599931717
23.145908499956132
23.147280400037765
23.153546700000764
23.214112400054933
23.216482399940492
23.219154599905014
23.24471300005913
23.245943300008772
23.247214799880982
23.248417799949646
23.24989159989357
23.28857139992714
23.30153419995308
23.302984800100326
23.336196500062943
23.370440399885176
23.375807399988176
23.40540599989891
23.454579499959944
23.46033240008354
23.46246979999542
23.469781199932097
23.475894500017166
23.47765059995651
23.478875900030136
23.485756599903105
23.525605299949646
23.52918379998207
23.54948810005188
23.554517199993132
23.555646899938584
23.556801700115205
23.55816289997101
23.55989010000229
23.585516000032424
23.58688220000267
23.637890500068664
23.64103620004654
23.643835200071337
23.64669770002365
23.64952850008011
23.652341900110244
23.655249700069426
23.929333699941637
23.931214999914168
23.956396699905394
23.99663019990921
24.001745899915694
24.003537400007247
24.005160099983215
24.163840899944304
24.16530089998245
24.217308399915694
24.24581520009041
24.247102999925612
24.248343499898912
24.28041319990158
24.413938100099564
24.415408299922944
24.41709419989586
24.491167099952698
24.506201299905776
24.51053719997406
24.611182399988174
24.991468100070954
25.551216399908064
25.58608360004425
25.588282599925996
28.161396899938584
28.22515199995041
28.254920700073242
28.28651810002327
28.289344099998473
28.292469300031662
28.295116499900818
28.29880259990692
28.30217459988594
