4.845362200021744
4.976744300127029
5.174761000156402
5.178802000045776
5.182430400133133
5.187305700063705
5.193395400047303
5.199811399936676
5.205493999958039
5.208139899969101
5.228774100065231
5.230475100040436
5.2319251000881195
5.233414900064468
5.23746430015564
5.2393373000621795
5.371151000022889
5.374022500038147
5.412813800096512
5.457781899929047
5.584035400152207
5.603054700136185
5.609444000005722
5.612226400136947
5.613793800115586
5.624024600028991
5.62730730009079
5.816743200063706
5.8187374999523165
5.887340100049973
5.930522500038147
6.112583199977875
6.115543200016022
6.1183083000183105
6.121728199958802
6.124897900104522
6.1277294001579286
6.129870000123978
6.131915300130844
6.3345345001220705
6.335874700069428
6.338133599996567
6.340692500114441
6.3426605000495915
6.344664299964905
6.3730835001468655
6.392152600049973
6.394358700037002
6.39600469994545
6.397366300106048
6.399449100017548
6.4013571000099185
6.403729700088501
6.407545700073242
6.464387000083923
6.465545099973679
6.474225100040436
6.475810400009156
6.476896199941635
6.4781523001194
6.500659899950027
6.513050500154495
6.515234899997711
6.531114000082016
6.532791599988937
6.535302799940109
6.547338000059128
6.548905800104142
6.55050889992714
6.552516900062561
6.554713099956513
6.569223999977112
6.5733029000759124
6.579291800022125
6.587694999933243
6.5898759999275205
6.617475899934768
6.618981199979782
6.620338200092315
6.624536800146103
6.667458300113678
6.675477999925613
6.685851500034333
6.839755500078201
6.8982857999801634
7.134278700113296
7.15487700009346
7.1567811000347135
7.165084300041198
7.402077500104904
7.4156326000690465
7.43884030008316
7.440617500066757
7.443368900060654
7.445800500154495
7.448581200122833
7.496953500032425
7.499079400062561
7.501815299987793
7.504228500127792
7.730016200065613
7.836232800006867
8.098696500062943
8.100188300132752
8.113440999984741
8.115217299938202
8.264696799993516
8.656150099992752
8.661546999931335
8.66481620001793
8.668440400123597
8.670906800031663
8.67250250005722
8.69045760011673
8.69453030014038
8.711188199996949
8.741466599941253
8.753690400123595
8.766843400001527
8.769144299983978
8.80070810008049
8.808706300020217
8.818334900140762
8.845369300127029
8.847209700107575
8.863584300041198
8.868775900125504
8.874863399982452
8.878362699985503
8.882506799936294
8.885993600130082
8.895886300086975
8.903861400127411
8.91124329996109
8.919098400115967
8.928428900003434
8.948752200126648
8.955142899990081
8.997376100063324
9.011802299976349
9.046855299949646
9.058986000061035
9.075626300096513
9.09466840004921
9.101772700071335
9.103597599983216
9.178177900075912
9.213917299985885
9.218869499921798
9.221639199972152
10.37071449995041
10.372760800123215
10.37434750008583
10.378950500011443
10.381312000036239
11.446248899936675
11.570463200092316
13.158661999940872
13.170396500110627
13.171730800151824
13.173244199991226
24.230752399921418
24.240697099924088
24.451324500083924
24.45328699994087
24.455280699968338
24.484325700044632
24.486715100049974
24.585013499975204
24.586675800085068
24.5882444999218
24.593368900060653
24.644595400094985
24.73130830001831
24.744306800127028
24.746532299995422
24.748424800157547
24.750838200092314
24.87105949997902
24.873500600099565
24.892651400089264
24.894344599962235
24.896859800100327
24.900445800065995
24.902201100111007
24.90413689994812
24.943904200077057
24.955490499973298
25.03431669998169
25.035914999961854
25.037360500097275
25.0388438000679
25.042418600082396
25.044309000015257
25.047862200021743
25.073675600051878
25.20814880013466
25.768301000118257
25.773858799934388
25.84561529994011
26.73357660007477
26.751207999944686
26.759067399978637
26.968432700157166
26.973793100118638
26.98101960015297
26.988579400062562
26.993406100034715
27.008569299936294
27.01353380012512
27.044487600088118
27.05516519999504
27.187779400110244
27.21088100004196
27.25071379995346
27.401124799966812
27.40745679998398
27.41486610007286
27.42221430015564
27.42903800010681
27.438597800016403
27.44551890015602
27.49428920006752
27.521725800037384
27.53227800011635
27.5382515001297
27.54288000011444
27.549057600021364
27.553812900066376
27.55816000008583
27.560134599924087
27.60584619998932
27.77887479996681
27.809363500118256
27.841009000062943
29.221561599969863
29.346222800016402
29.777621900081634
29.78226220011711
30.005519999980926
31.16600990009308
31.902791599988937
31.91121700000763
31.92406669998169
31.932408499956132
31.94600570011139
31.958270699977874
31.970746900081636
32.01398449993133
32.07868530011177
32.10720460009575
32.11060080003738
32.17817709994316
32.43085150003433
33.57656509995461
33.58492510008812
33.67120860004425
33.68915750002861
33.694677400112155
33.69620120000839
33.697844500064846
33.69985269999504
33.707692600011825
34.46477850008011
34.488406399965285
34.496238700151444
35.39571060013771
35.503400599956514
35.5046875
36.992861200094225
36.998808000087735
37.069473099946975
37.20882920002937
37.242194000005725
37.32691740012169
37.834871200084685
37.970939199924466
39.982548500061036
39.98907400012016
39.99500909996033
40.03012599992752
41.02194519996643
3.8113665997982027
4.85161879992485
4.964166999816895
4.965613299846649
4.967425199985504
4.982262699842453
4.983740799903869
4.988455299854278
4.990441599845886
4.99362299990654
4.995803699970246
5.171732999801636
5.174557499885559
5.656422299861908
5.660103199958801
5.662325199842453
5.745715600013733
5.747329599857331
5.755568099975586
5.7700788998603825
5.809422399997711
6.213430199861526
6.217202399969101
6.219701099872589
6.221073299884796
6.2417623000144955
6.2451229000091555
6.248682299852371
6.295834399938584
6.301950399875641
6.303617100000381
6.3056076998710635
6.307899599790573
6.331753599882126
6.33326459980011
6.337826699972153
6.339839399814606
6.341651499986648
6.343088699817658
6.34521129989624
6.3470611999034885
6.34894939994812
6.350826699972153
6.381925899982452
6.3957567999362945
6.397929099798202
6.399607199907303
6.4011412999629975
6.403871299982071
6.426423499822617
6.5002433998584745
6.626179699897766
6.78349229979515
6.918252599954605
6.91967209982872
7.014543699979782
7.201649699926376
7.235943099975586
7.264827600002289
7.266159099817276
7.302460399866104
7.3089987998008725
7.310784799814225
7.335562099933624
7.33851239991188
7.558378299951554
7.560165699958802
7.674958999872207
7.752760499954223
8.181892199993133
8.30850739979744
8.311437799930573
8.347509799957276
8.349212099790574
8.351200999975205
8.35333429980278
8.3549875998497
8.356564899921418
8.359629400014878
8.361225099802017
8.363165799856185
8.365529199838639
8.981530599832535
9.008322599887848
9.014093299865722
9.018039699792862
9.022105199813844
9.030561399936676
9.036637899875641
9.064606799840927
9.141854699850082
9.143655900001527
9.175256799936294
9.177345599889755
9.178564399957656
9.31286479997635
9.351931699991226
9.416373899936676
9.420515399932862
9.452439599990845
9.454565399885178
9.45575099992752
9.457851499795913
9.492479699850083
9.494008299827575
9.495525399923325
9.500225499868392
11.32198559999466
11.32562869977951
11.327670399904251
11.328835999965667
11.395841199874878
11.40677499985695
11.408318899869919
11.409819099903107
11.411149599790573
11.412332899808884
11.414564599990845
11.416236299991608
11.418075999975205
11.41954189991951
11.42068179988861
11.421703999996184
11.422586199998856
11.43622369980812
11.438086599826812
11.43983749985695
11.441478799819945
11.443094899892808
11.444595599889755
11.44582089996338
11.447057299852371
11.44819569993019
11.44923489999771
11.788741999864579
12.2412375998497
12.243578399896622
12.244771399974823
12.249348899841308
12.250952699899674
12.2522484998703
12.253887799978257
12.265834599971772
12.268344899892806
12.27035289978981
12.284732299804688
12.2969726998806
12.302360299825668
12.311917599916459
12.39991100001335
12.422788999795914
12.424866099834443
12.42699329996109
12.428552099943161
13.304333400011062
13.309050999879837
13.31480110001564
13.324589599847794
13.33102479982376
13.334552399873733
13.338063599824906
13.348567799806595
13.351655799865723
13.353509699821473
13.355146099805832
13.356785799980164
13.35846479988098
13.360853699922561
13.362747399806976
13.388635499954223
13.39088789987564
13.39402749991417
13.396232699871064
14.25715819978714
14.266191599845886
14.268632099866867
22.76216039991379
22.77450449991226
22.79276689982414
22.806251799821855
22.81123239994049
22.969065999984743
23.14037689995766
23.142744899988173
23.14554479980469
23.14804019999504
23.411332399845122
23.415995899915696
23.4195367000103
23.424069099903107
23.521181699991224
23.53113959980011
23.56601089978218
23.59604289984703
23.59741919994354
23.63352179980278
23.75785909986496
23.79065179991722
23.845989799976348
23.850769799947738
23.85277129983902
23.8545976998806
23.859749899864198
23.86155729985237
23.86365549993515
23.86548429989815
23.87673829984665
23.892240399837494
23.89424599981308
23.89651589989662
23.89772589993477
23.903687399864197
23.916619399785997
24.09641589999199
24.101677899837494
24.108230499982835
24.125825799942017
24.12922619986534
24.13051069998741
24.146707899808884
24.150005399942398
24.151466899871828
24.15250569987297
24.193302899837494
24.210109799861907
24.21323559999466
24.215223999977113
24.21738619995117
24.226417499780656
24.22784549999237
24.22974749994278
24.24156539988518
24.243498399972914
24.333176100015642
24.33492610001564
24.371146399974823
24.403516299962998
24.51627499985695
24.605830699920656
24.644901099920272
24.647404699802397
24.83281180000305
24.857832700014114
24.867325500011443
24.98090119981766
24.992873600006103
25.131663100004197
25.147012099981307
25.17649379992485
25.230932699918746
25.28942009997368
25.33805599999428
25.34496799993515
25.361343099832535
25.502947599887847
25.51387369990349
25.53479909992218
25.54575099992752
25.569917099952697
25.61964059996605
25.623820699930192
25.814975399971008
25.939824800014495
26.06077649998665
26.106557899951934
26.12308809995651
26.140613399982453
26.203301899909974
26.2274468998909
26.245186299800874
26.261757799863815
26.354172199964523
26.366801499843596
26.548831699848176
26.578264299869538
26.59842009997368
26.607797499895096
26.61202249979973
26.82578219985962
26.86255799984932
26.864508299827577
26.86744299983978
27.081548499822617
27.09310539984703
27.097575299978256
27.185467299938203
27.673483899831773
27.922333199977874
28.04664329981804
28.98249579977989
34.69923799991608
34.70391069984436
34.708775699853895
34.711802999973294
34.71436269998551
34.71714179992676
34.723108299970626
34.72559349989891
34.73184319996834
35.16977009987831
1.9883278000354767
2.4079919002056123
2.4092742002010343
2.4745306000709535
2.4900583000183105
2.5053138999938964
2.69915430021286
2.7004074001312257
2.702625500202179
2.7044517002105715
2.705651200056076
2.8045789000988006
2.805768000125885
2.8144921000003813
2.8171137001514435
2.8239858000278475
2.844644800186157
2.8457707002162933
3.4098447999954224
3.4162361001968384
3.4193140001296998
3.4227662000656127
3.42600670003891
3.429633900165558
3.431838900089264
3.434106300115585
3.4360356001853942
4.4053200001716615
4.408282100200653
4.538315600156784
4.555156800031662
4.55792980003357
4.560870500087738
4.563667000055313
4.573276800155639
4.586394600152969
4.598451700210571
4.604689300060272
4.6207415001392365
4.624465500116348
4.631775099992752
4.6352773001194
4.638462599992752
4.641220300197602
4.64443280005455
4.647345900058746
4.697758400201797
4.699663900136947
4.701838100194931
4.703664300203323
4.705529500007629
4.728909700155258
4.730617200136185
4.732305200099945
4.734054100036621
4.7841454000473025
4.785916100025177
4.815473100185394
4.837276700019836
4.8389158999919895
4.8401917002201085
4.841897900104523
4.844056200027466
4.845395000219345
4.84682640004158
4.848345800161361
4.974090600013733
4.9868154001235965
4.991235100030899
5.015993499994278
5.026011700153351
5.028808700084686
5.029786100149154
5.0312190999984745
5.032472800016404
5.048685900211334
5.050133800029754
5.09802930021286
5.099682000160217
5.10127930021286
5.102821400165558
5.126276300191879
5.127945300102234
5.160694500207901
5.162006600141526
5.163436700105667
5.164834000110626
5.1737031002044676
5.192280000209808
5.196469900131226
5.2023904001712795
5.203766400098801
5.205046300172806
5.228483900070191
5.2296171000003815
5.231617400169372
5.2331198000907895
5.234409900188446
5.323322400093079
5.433942500114441
5.51530529999733
5.617974900007248
5.856308500051498
5.858239400148392
5.870559700012207
5.872539900064468
5.881510699987412
5.884021300077438
5.8857019000053405
5.887222200155258
5.8917899000644685
5.893625100135803
5.922340600013733
5.945419000148773
5.94745760011673
5.976908300161361
5.985228600025177
5.986611800193787
5.9881448001861575
5.990023000001908
5.991895500183105
5.993559900045395
5.995081800222397
5.997265799999237
5.999455399990082
6.000878100156784
6.0021549000740055
6.0035408999919895
6.005128400087356
6.006805999994278
6.008878300189972
6.269043000221252
6.2716998000144955
6.339487300157547
6.340718400001526
6.341743900060654
6.342885100126266
6.344140100002289
6.345294800043106
6.369222500085831
6.370754200220108
6.372079500198364
6.373830399990082
6.3753874001502995
6.376893800020218
6.379242900133133
6.381322800159454
6.383903900146485
6.386439400196076
6.387721100091934
6.389057399988174
6.389998400211335
6.392012700080872
6.3930039000511165
6.3942541000843045
6.43320810008049
6.434875300168991
6.436077800035477
6.525054000139236
6.927565600156784
6.929056400060654
6.949204400062561
6.976475100040436
6.977965700149536
6.98183060002327
6.9851050000190735
6.986948700189591
6.98841990017891
6.989944900035858
6.993881800174713
6.9956552000045775
6.997669400215149
7.000499600172043
7.002530100107193
7.012589000225067
7.022660000085831
7.024000500202179
7.0252833001613615
7.026747700214386
7.02818280005455
7.029665899991989
7.0308825001716615
7.032306400060654
7.033599100112915
7.035155800104142
7.0383197000026705
7.040116600036621
7.051984600067138
7.053113300085068
7.054442300081253
7.055785500049591
7.056993400096894
7.05830260014534
7.06161040019989
7.08010170006752
7.08186510014534
7.0833234000206
7.106613300085067
7.111324100017548
7.112711600065231
7.116164800167084
7.119440500020981
7.135470100164413
7.137216900110245
7.139191200017929
7.140418200016022
7.141502799987793
7.142885200023651
7.144050900220871
7.1452229001522065
7.146585900068283
7.148395900011063
7.154510500192642
7.189706400156021
7.2424906001091
7.243669600009918
7.244709600210189
7.245873900175095
7.2471732001304625
7.248686200141907
7.249770000219345
7.250850500106812
7.251944400072098
7.3420414001941685
7.684902100086212
7.6863125
7.874433500051499
7.875731000185013
7.877110000133515
8.683203800201415
8.684737100124359
8.947022700071335
9.08607370018959
9.087568800210953
9.088832100152969
9.227650200128556
9.230606000185013
9.414401400089265
9.424641600131988
9.426701800107956
9.42826590013504
9.429792800188064
9.431278400182723
9.432805999994278
9.434337100028992
9.43579070019722
9.437585700035095
9.439349400043488
9.441040500164032
9.442855000019074
9.44536760020256
9.446857500076295
9.450930999994277
9.58290530014038
9.584433600187301
9.586573000192642
9.58813620018959
9.58970860004425
9.591260200023651
9.595861800193786
9.5974539000988
9.856184100151062
22.705259999990464
22.706495400190352
22.743086800098418
22.760134000062944
22.974840400218962
22.992711400032043
23.054400200128555
23.055917100191117
23.12361260008812
23.135931500196456
23.138891100168227
23.362399100065232
23.368691700220108
23.373619000196456
23.376763300180436
23.38085100007057
23.503853000164032
23.508540600061416
23.51014040017128
23.511270800113678
23.550612300157546
23.553230100154877
23.55867860007286
23.78012720012665
24.028306699991226
24.0324390001297
24.108560900211334
24.24560320019722
24.510246600151063
24.574066800117492
24.60565460014343
24.606963700056077
24.608095600128173
24.611539900064468
24.651477300167084
24.664700200080873
26.665760300159455
26.66690530014038
