5.748992599964142
5.752808200120926
5.865698199987412
5.891666500091553
5.941678699970246
5.951260100126267
6.0780563001632695
6.13433879995346
6.270663900136948
6.293950999975205
6.2955557999610905
6.298224300146103
6.4075956001281735
6.4327432000637055
6.434781200170517
6.436640000104904
6.439213200092316
6.44778970003128
6.480159199953079
6.4830708000659945
6.4850650000572205
6.654804200172424
6.656665500164032
6.658836100101471
6.6615640001297
6.703296499967575
6.7051746001243595
6.8420882999897
6.843238300085067
6.910366800069809
7.179617400169373
7.475149600028992
8.078840199947358
8.081900900125504
8.52926710009575
8.57359249997139
8.626809400081635
8.64331820011139
8.64614310002327
8.731857500076295
8.741720900058747
8.74948290014267
8.750924800157547
8.752443400144577
8.753865800142288
8.755443400144577
8.76654540014267
8.926982300043106
8.929128400087357
8.930769700050353
8.945488800048828
8.956049400091171
8.96302279996872
9.155595499992371
9.156606600046159
9.160095900058746
9.161715199947357
9.181319300174714
9.261413300037384
9.819686400175094
9.828309800148011
9.885584300041199
9.893937800168992
9.945290199995041
9.949756500005723
9.953588900089263
9.957715800046921
9.972094200134277
9.97766890001297
9.981382300138474
9.984619600057602
10.026801200151443
10.048524399995804
10.114046800136567
10.12082439994812
10.13788940000534
10.255115499973297
10.269698100090027
10.292204800128937
10.299730100154877
10.304612400054932
10.30945090007782
10.3136101000309
10.31780980014801
10.319870900154113
10.321924100160599
10.431426900148391
10.455381400108337
10.555758100032806
10.55933140015602
10.560950999975205
10.686489799976348
10.730237300157548
10.780371000051499
10.781940799951553
10.786929399967194
10.78833660006523
10.836797600030899
10.839822400093079
10.841393399953843
10.852368499994277
10.863074500083924
10.864494400024414
10.865876700162888
11.14565129995346
11.270721600055694
11.300103199958802
11.311578299999237
11.317901499986649
11.32234969997406
11.37327950000763
11.380041500091552
11.386783499956131
11.439641999959946
11.442494300127029
11.444659300088883
11.446808400154113
11.449086400032044
11.665048000097276
11.667638600111008
11.81952950000763
11.930983800172806
12.189894999980927
12.4695015001297
12.480327800035477
12.593320899963379
12.594745500087738
12.596582200050355
13.105180000066758
13.113493200063706
13.229707299947739
13.730311800003053
13.749935600042344
13.751784800052643
13.753180000066758
13.754686500072479
13.768482700109482
13.77046749997139
13.775626700162887
13.801621099948884
13.80378349995613
13.805361900091171
13.806926100015641
13.808203200101852
14.665073500156403
14.673203099966049
14.678314700126649
14.681122499942779
14.683190600156784
14.685137500047684
14.687279600143432
14.68921950006485
14.691535300016403
14.695275500059127
14.697508300065994
14.699411900043488
14.70192980003357
14.70664560008049
15.19105830001831
16.826830399990083
16.829359100103378
16.831450200080873
16.833755300045013
16.83580380010605
16.867936400175093
17.000502700090408
17.0087610001564
17.01826710009575
17.026826300144197
17.034345400094985
17.03897990012169
17.043248700141906
23.032353800058363
23.03342760014534
23.034467900037765
23.035478000164034
23.036628400087356
23.069522500038147
23.07061240005493
23.072854700088502
23.22030180001259
23.230917000055314
23.23219659996033
23.233429700136185
23.23461610007286
23.236391700029372
23.238029700040816
23.257169399976732
23.259101099967957
23.471631900072097
23.476658600091934
23.478009999990462
23.479637300014495
23.481469300031662
23.4828616001606
23.484637500047683
23.51139810013771
23.515550699949266
23.516943600177765
23.5197079000473
23.52138520002365
23.522649500131607
23.523776100158692
23.524768500089646
23.526303900003434
23.52808630013466
23.530116000175475
23.53296700000763
23.53410120010376
23.535812200069426
23.53752279996872
23.539582700014115
23.541383100032807
23.54309870004654
23.544676300048827
23.545781800031662
23.547047199964524
23.549271000146867
23.55083480000496
23.551923700094225
23.553142500162124
23.55424730014801
23.555237699985504
23.599938800096513
23.601272099971773
23.603424200057983
23.605504800081253
23.607054200172424
23.60856030011177
23.610106300115586
23.61289560008049
23.614487300157545
23.616052400112153
23.61727030014992
23.618470400094985
23.620170700073242
23.621677299976348
23.6283640999794
23.630378600120544
23.739455000162124
23.74098259997368
23.74238490009308
23.743945300102233
23.745807199954985
23.7481890001297
23.7494226000309
23.754232900142668
23.759349900007248
23.763361999988557
23.775064200162888
23.776573500156402
23.778078000068664
23.77960759997368
23.78084249997139
23.782120800018312
23.783588999986648
23.785095000028612
23.786164700031282
23.834884500026703
23.86352060008049
23.874297000169754
23.889347900152206
23.89131350016594
23.895211300134658
23.937006100177765
23.988598099946977
23.991923000097273
24.078239700078964
24.094710700035094
24.09606680011749
24.0974281001091
24.099182199954985
24.100413300037385
24.161321599960328
24.278046200037004
24.28097570014
24.28954489994049
24.293223900079727
24.466567100048064
24.473052900075913
24.479539999961855
24.502523900032042
24.505346400022507
24.50752430009842
24.673366199970246
24.687441400051117
24.694995900154115
24.718994899988175
24.728076699972153
24.730111600160598
24.731944000005722
24.734064200162887
25.188148900032044
25.22115600013733
25.449412300109863
25.524659600019454
25.59951579999924
25.605192399978637
25.80566519999504
26.677915300130845
