3.508755599975586
3.5122860000133516
3.514416800022125
3.5929191000461578
3.6329953000545503
4.4188724000453945
4.463862900018692
4.466308700084686
4.5298187000751495
4.531404000043869
4.533378299951553
4.538516799926758
4.54935489988327
4.5514590001106265
4.553085999965668
4.559045700073242
4.560898000001908
4.564796299934387
4.566858500003815
4.568383199930191
4.570291199922561
4.574542900085449
4.601248399972915
4.602711899995803
4.624181600093841
4.627348799943924
4.629375999927521
4.676769200086594
4.684996799945831
4.691262500047683
4.6970134999752045
4.867806699991227
4.87198090004921
4.874933399915696
4.879726799964905
4.883254100084304
4.892841900110245
4.894119999885559
4.895421900033951
4.976588399887085
4.981831799983978
4.983372400045395
4.98540750002861
4.987587399959565
4.9903280999660495
4.991905800104141
5.093234899997711
5.761590399980545
5.771125499963761
5.773234600067139
5.846643800020218
5.848369100093842
5.918612799882888
5.920303900003433
5.9220183000564575
5.92349329996109
5.925670599937439
5.9277876000404355
5.9299663000106815
5.932309600114823
6.0238875000476835
6.060004600048066
6.254297800064087
6.307859999895096
6.3100625998973845
7.196756000041962
7.2239005999565125
7.225290299892426
7.4240192999839785
7.643809400081635
7.651555000066757
7.653382299900055
7.65770860004425
7.66074329996109
7.662747900009156
7.665984600067139
7.667677299976349
7.669221400022507
7.673440299987793
7.676666199922562
7.678302599906921
7.680056200027466
8.005725800037384
8.062352600097656
8.065352900028229
8.080421999931335
8.331975800037384
8.400289099931717
8.887273600101471
8.894276499986649
8.897853499889374
8.903542599916458
8.911996400117873
8.91807489991188
8.922270200014115
8.980288100004197
9.016650700092315
9.021537800073624
9.023197499990463
9.028007299900056
9.029659300088882
9.031106600046158
9.054478600025178
9.075398400068282
9.108157099962234
9.128623699903487
9.130481699943543
9.137205800056458
9.170174000024796
9.171478100061417
9.185269799947738
9.186507200002671
9.19042980003357
9.191779299974442
9.194316099882126
9.299144000053406
9.300579999923706
9.311251800060273
9.3128180000782
9.317447799921036
9.319045799970628
9.32811730003357
9.332471899986267
9.333951499938966
9.335671299934388
9.337107000112534
9.338814100027085
9.344182399988174
9.37391739988327
9.375374200105668
9.377006200075149
9.37902110004425
9.380275099992753
9.38166339993477
9.383480200052261
9.41293950009346
11.485963399887085
11.499913199901581
11.503689599990844
11.525024399995804
12.625466599941253
12.628330499887467
12.631103499889374
12.633441299915313
12.917599999904633
12.997349800109863
13.001938999891282
13.006089999914169
13.010989200115203
13.072404099941254
13.074369999885558
13.076285799980164
14.029907900094987
14.031490000009537
14.034410799980163
14.035846899986266
14.037359400033951
14.095041699886321
14.096231199979782
14.09754139995575
14.098735399961472
14.100360500097274
14.87437280011177
16.61867540001869
16.634353600025175
16.6426672000885
16.651152400016784
17.363307499885558
17.367125200033186
17.372578999996186
17.377439599990844
22.588847899913787
22.632624599933624
22.65594169998169
22.675200299978258
22.68781669998169
22.785177099943162
22.795146399974822
22.841543999910353
22.854487999916078
22.864595299959184
22.865817300081254
22.87354710006714
22.875292799949644
22.87783060002327
22.879793699979782
22.90812129998207
22.99080579996109
22.99570190000534
23.000186800003053
23.004517699956892
23.010698999881743
23.14736039996147
23.148593400001527
23.150186899900437
23.151947499990463
23.153195300102233
23.27156529998779
23.301206599950792
23.400899399995804
23.40799079990387
23.619332700014116
23.638529900074005
23.696053400039673
23.69860960006714
23.71027230000496
23.724852600097655
23.730435899972914
23.74130110001564
23.742994699954988
23.745101300001146
23.746922499895096
23.748519000053406
23.749839900016784
23.754463999986648
23.756005599975587
23.811150899887085
23.8134265999794
23.814864399909972
23.817208499908446
24.02681450009346
24.03012739992142
24.07393650007248
24.08390129995346
24.10121799993515
24.103207499980925
24.105405900001525
24.13754390001297
24.193745100021363
24.47321849989891
24.47585540008545
24.486144200086592
24.511617599964143
24.516450999975206
24.5188085000515
24.694479599952697
25.013291300058366
25.344732300043106
25.771450700044632
25.781731300115585
25.789359699964525
25.796843400001524
25.966783900022506
25.976376899957657
25.984378499984743
25.98967440009117
25.993825099945067
26.07152999997139
26.120201999902726
26.127708400011063
26.12905929994583
26.234036799907685
26.33934500002861
26.348082000017165
26.35128789997101
26.430585700035095
26.521605099916457
26.543328500032423
26.730379800081252
26.97612719988823
27.00420539999008
27.008923799991607
27.012025199890136
27.063807100057602
27.06747869992256
27.080987699985503
27.119181699991227
27.222984800100328
27.2726781001091
27.818388499975203
27.825695399999617
27.85260590004921
27.895503900051118
28.123302999973298
29.01039409995079
29.26626710009575
30.746947499990462
30.75252209997177
30.759357100009918
30.76596900010109
30.768548799991606
30.772083499908447
30.775362499952315
30.777474800109864
30.779044699907303
30.781246200084688
30.782909100055694
30.784063400030135
31.249791100025178
31.25548020005226
34.26234870004654
34.26850749993324
35.39543160009384
35.396757600069044
35.41045029997826
35.41219280004501
35.413762099981305
35.41509500002861
36.37456660008431
41.42745889997482
