3.40271280002594
3.4062418999671937
3.411955899953842
3.4332346000671388
3.4448260998725893
3.446621500015259
3.447993499994278
3.449401599884033
3.45107439994812
3.4620581998825073
3.463804699897766
3.4656154000759125
3.4673970999717714
3.4820488998889925
3.617256299972534
3.6253425998687745
3.8628406999111173
3.868557699918747
3.871509799957275
3.87296280002594
3.875764999866486
3.877424499988556
3.8790720999240875
3.8806982998847963
3.882544699907303
3.8842365000247954
3.885631399869919
3.887641900062561
3.8888773999214172
3.8903622000217437
3.8918775000572206
3.893018399953842
3.8940724000930786
3.8951794998645783
3.8962548999786377
3.8975058000087737
3.8988578000068665
3.9018952000141143
3.9040388000011443
3.905684299945831
3.9129386999607085
3.914147300004959
3.915254899978638
3.9163380999565125
3.9845811998844147
3.991565299987793
3.9974291999340057
4.004016000032425
4.01018950009346
4.025748899936676
4.029172399997711
4.032832700014114
4.037881900072097
4.059155200004578
4.061250999927521
4.07776139998436
4.079114300012589
4.080443099975586
4.081763000011444
4.0830745000839235
4.084413500070572
4.085781800031662
4.0872340998649594
4.088599900007248
4.129522399902344
4.130796299934387
4.131811100006104
4.3015815000534054
4.309809099912643
4.3169149999618535
4.324406399965286
4.352569099903107
4.358568199872971
4.366836199998856
4.37894319987297
4.3921728000640865
4.400498899936676
4.40284049987793
4.407052000045776
4.412103399991989
4.440361299991608
4.509132600069046
4.517216700077057
4.5234925999641415
4.528164299964905
4.5314152998924255
4.542280799865723
4.645631000041962
4.6487811000347135
4.649967799901963
4.651063299894333
4.665296999931336
4.797338099956512
4.8004883000850676
4.803508100032807
4.869358799934387
4.908411799907684
4.925471899986267
4.930181499958039
4.932569400072098
4.935235199928283
4.937974499940872
4.953811899900437
4.955265100002289
4.9982846000194545
5.185332799911499
5.315242100000382
5.348179399967194
5.349533699989319
5.350875200033188
5.414926500082016
5.424160099983215
5.431178999900818
5.444790999889374
5.463623399972915
5.469582999944687
5.477938400030136
5.486721100091934
5.489231100082398
5.49166470003128
5.579978800058365
5.581513000011444
5.583863699913025
5.589436300039291
5.592922399997711
5.5941875
5.605109200000763
5.606383500099182
5.616266499996185
5.633164000034332
5.679324599981308
5.6805348000526426
5.681726999998093
5.682950099945068
5.714065900087356
5.725141299962997
5.74261730003357
5.77101859998703
5.77484549999237
5.778629299879074
5.995217299938202
6.00465030002594
6.180544199943543
6.199567499876022
6.204204999923706
6.210284100055695
6.212802599906921
6.225048300027847
6.234429600000381
6.238863399982453
6.240351999998093
6.241971100091934
6.24375620007515
6.2454156999588015
6.313676199913025
6.4087593998909
6.410083299875259
6.416315599918366
6.4833756000995635
6.485709100008011
6.577924299955368
6.5791930000782015
6.585209899902344
6.590079499959946
6.591213200092316
6.592662400007248
6.593941600084305
6.612909399986267
6.7639519999027256
6.780723599910736
6.782020200014115
6.790065399885178
7.045504100084305
7.095352699995041
7.137624399900436
7.146792500019074
7.207683000087738
7.343063499927521
7.347546000003815
7.38479390001297
7.425502899885178
7.429258500099182
7.446858299970627
7.782447200059891
7.989165899991989
8.811358200073242
8.812870899915696
8.888868000030518
9.120873600006103
9.167663300037384
9.192444799900056
9.195987200021744
9.197197599887847
9.198317800045013
9.199513299942016
9.20068079996109
9.311309999942779
9.559308799982071
9.65829390001297
9.660052099943162
9.801572400093079
9.806957999944688
9.84540450000763
9.854779500007629
9.861900500059129
9.86452060008049
9.87092930006981
9.873183099985123
9.874751899957657
9.876722800016402
9.878960900068282
9.880430399894715
9.881945499897004
9.883663699865341
9.88576559996605
9.887697299957276
9.890422300100326
9.89234450006485
9.894146199941636
9.895974799871444
9.926431600093842
9.930957599878312
9.932874199867248
9.943061399936676
10.101991600036621
10.284842400074005
10.41911999988556
10.643273200035095
11.046176699876785
11.134276099920273
11.185429399967193
11.201619600057603
11.203244299888611
11.205911000013351
11.2080202999115
11.209700599908828
11.211189199924469
11.212501199960709
11.213723599910736
11.215240900039673
11.216914099931717
11.446416699886322
11.449322599887848
11.451349099874497
11.80513809990883
11.806798700094223
11.809921000003815
11.811214299917221
11.952302900075912
11.953953500032425
11.958421000003815
11.964867500066758
11.96609299993515
12.083200099945069
12.24790299987793
12.250116400003433
12.413420799970627
12.432398599863053
12.448496000051499
12.452663500070573
12.470252399921417
12.47541840004921
12.497437700033188
13.174448800086974
13.175720900058746
13.182503299951554
13.183984800100326
13.190637099981307
13.192157999992371
13.19373810005188
13.1949890999794
13.19635940003395
13.197690599918365
13.199030699968338
13.37831500005722
13.45263289999962
13.935084599971772
14.028935800075532
14.030362200021743
14.032097800016404
14.033516999959947
14.034583999872208
15.066090300083161
15.068098700046539
15.06999279999733
15.598286299943924
17.134640500068663
17.14464439988136
17.14805229997635
17.151105499982833
17.154078199863434
17.15632520008087
17.15828749990463
17.160098399877548
17.162093600034712
17.16420539999008
17.16618420004845
17.176799000024797
17.178620899915696
17.864823600053786
