3.7860473001003268
4.103460400104523
4.106181400060653
4.639171000003815
4.693929300069809
4.695588500022888
4.697389199972153
4.699634000062942
4.701661000013352
4.702787899971009
4.70379189991951
4.953862999916077
4.958441800117493
4.974883199930191
5.2146394999027255
5.301976500034332
5.304764199972153
5.340126300096512
5.448423399925232
5.450902199983597
5.4525139000415805
5.455443900108337
5.457688800096512
5.501368400096894
5.711868200063705
5.77745140004158
5.801975399971008
5.804224100112915
5.860628999948502
5.8636907000541685
5.914142100095749
5.924667099952698
6.06101390004158
6.070025500059128
6.141493099927902
6.238882999897003
6.269926500082016
6.272345200061798
6.274412899971009
6.278023499965668
6.28011980009079
6.281867599964142
6.283500900030136
6.28620659995079
6.28771129989624
6.289322999954224
6.290944099903107
6.292142699956894
6.320804199934006
6.332177900075912
6.341100500106812
6.371914499998093
6.470398600101471
6.507455699920654
6.541317899942398
6.630097399950028
6.631554300069809
6.641433300018311
6.690923300027848
6.693413899898529
6.694902899980545
6.6967140998840335
6.720930700063706
6.738213299989701
6.758866300106049
6.760201800107956
6.762496799945831
6.764883899927139
6.7678612999916075
6.770051300048828
6.851102400064469
6.917256099939347
6.944699199914933
6.947324700117111
6.987502700090408
6.990624399900437
6.992767800092697
6.99458109998703
6.996445100069046
6.99780329990387
6.999670000076294
7.001099600076675
7.003049099922181
7.0083248000144955
7.160091300010681
7.18732170009613
7.330197900056839
7.501835900068283
7.504876100063324
7.778358999967575
7.7807969999313356
7.785687200069427
7.83767560005188
7.839164799928665
7.840189300060272
7.841466500043869
7.842999200105667
7.844831399917602
7.893992000102997
7.8969786999225615
7.90961779999733
7.91102530002594
7.923919899940491
7.925901200056076
7.927171299934387
7.928497200012207
7.930732300043106
7.936347599983216
7.9604602999687195
7.962729300022125
7.965145499944687
7.967441099882126
7.970029299974441
7.97194219994545
7.9738447999954225
7.976172899961472
7.978390700101852
7.979670099973679
8.70417610001564
8.890405699968339
8.930658099889754
9.079262099981309
9.231328299999237
9.364102600097656
9.365470400094987
9.38940129995346
9.417513200044631
9.538324199914932
9.551978600025176
9.723808700084687
9.725367899894714
9.727421200037002
9.729407700061799
9.731150599956512
9.733053400039672
9.73492239999771
9.827437400102616
9.829363699913024
9.866929199934006
9.868104300022125
9.869296299934387
9.893099999904633
10.00511980009079
10.028805700063705
10.032165100097655
10.034855499982834
10.049047100067138
10.050517999887466
10.189327899932861
10.405071099996567
10.8866194999218
10.891942600011825
10.956228699922562
10.95983360004425
10.961665499925614
11.029192800045013
11.035667999982834
11.04995810008049
11.051673899888993
11.052899300098419
11.058932899951936
11.063325799942017
11.06665249991417
11.068124900102616
11.073147099971772
11.074865000009536
11.077055900096893
11.078949199914932
11.08036109995842
11.107029799938202
11.954733500003815
12.372604599952698
12.378079499959945
12.384344700098037
12.677364099979402
12.683315599918366
12.95347049999237
12.955232599973678
12.96516319990158
12.967235199928284
12.969854099988938
12.971815099954606
12.973709300041198
12.975706700086594
12.977551800012588
12.979526299953461
13.373142699956894
13.870906800031662
13.908293600082397
13.910713599920273
14.374830800056458
22.9254795999527
23.140094300031663
23.141191600084305
23.145670300006866
23.14724210000038
23.14911120009422
23.15096799993515
23.15571309995651
23.36751710009575
23.370882600069045
23.373167999982833
23.444292999982835
23.461298700094222
23.523789400100707
23.525355499982833
23.536800899982453
23.53920560002327
23.669304699897765
23.726021500110626
23.72825670003891
23.73087080001831
23.73883349990845
23.80858599996567
23.810096100091933
24.17028620004654
24.180387000083922
24.18504539990425
24.234510499954222
24.23599819993973
24.237257999897004
24.238531199932098
24.45512400007248
24.621263799905776
24.627790299892425
24.649795300006865
24.655600899934768
24.688751499891282
24.76216240000725
24.76415849995613
24.786742700099946
24.789780400037767
24.863571099996566
24.874337100028992
24.876735399961472
25.039499000072478
25.058650500059127
25.390471299886702
25.393564399957658
25.396630300045015
25.71084870004654
25.752573400020598
25.75470140004158
25.758270900011063
25.759941600084304
25.79260050010681
25.794367899894713
25.9038859000206
26.009702300071716
26.04809500002861
26.05480749988556
26.060644200086593
26.121964699983597
26.123661000013353
26.125563400030135
26.14019120001793
26.16444889998436
26.357368200063707
26.54587750005722
26.548475800037384
26.553747800111772
26.674690599918364
26.70282319998741
26.732463500022888
26.735382100105287
26.79516219997406
26.95389860010147
26.956351900100707
27.00894050002098
27.670163500070572
27.72069670009613
27.808220099925993
27.81034400010109
27.811644399881363
27.81351939988136
27.815404599905015
27.81667960000038
27.90884100008011
28.039739300012588
28.583406899929045
28.76968499994278
29.765674499988556
34.903723799943926
34.90905660009384
34.9139607000351
34.918987200021746
34.92384139990806
34.92814590001106
34.93121129989624
34.93484459996223
34.93755730009079
34.939980299949646
34.94260750007629
34.94494120001793
35.87760139989853
35.89809360003471
35.90084389996529
35.903065599918364
35.90542009997368
35.92522490000725
